{"Core Hamiltonian":[[-32.57739541261033,-7.578832816647488,0.0,-0.014473835903318,0.0,-1.240102256333302,-1.240102256333303],[-7.578832816647488,-9.20094327192934,0.0,-0.176890246723779,0.0,-2.906709830220527,-2.906709830220527],[0.0,0.0,-7.458819309224371,0.0,0.0,-1.6751501447186712,1.675150144718672],[-0.014473835903318,-0.176890246723779,0.0,-7.415311754245677,0.0,-1.3568682579595641,-1.3568682579595641],[0.0,0.0,0.0,0.0,-7.347144867731366,0.0,1.0e-15],[-1.240102256333302,-2.906709830220527,-1.6751501447186712,-1.3568682579595641,0.0,-4.540171070273183,-1.071145883317951],[-1.240102256333303,-2.906709830220527,1.675150144718672,-1.3568682579595641,1.0e-15,-1.071145883317951,-4.540171070273184]]}{"Orthogonalization Matrix":[[1.0236345786437149,-0.13685468056658898,2.5165040589923306e-17,-0.007487256134000385,8.105296429491435e-17,0.01902788647731445,0.019027886477314387],[-0.13685468056658895,1.1578631969246134,-6.240443341883437e-16,0.07216006803679541,2.5285808316299833e-17,-0.2223325555721434,-0.22233255557214485],[2.5165040589923072e-17,-6.240443341883437e-16,1.0733147513478078,-1.6605414257584345e-16,-7.05001599658901e-17,-0.1757583051625568,0.1757583051625566],[-0.007487256134000455,0.07216006803679552,-1.6605414257584348e-16,1.0383050470597082,5.736415648505656e-17,-0.1184625594808727,-0.118462559480873],[8.105296429491414e-17,2.528580831629982e-17,-7.05001599658901e-17,5.73641564850567e-17,1.0,-6.078018439349695e-17,-8.210291087452071e-17],[0.019027886477314446,-0.2223325555721434,-0.17575830516255678,-0.11846255948087275,-6.078018439349698e-17,1.129723419146232,-0.06259751075499285],[0.019027886477314404,-0.22233255557214487,0.1757583051625567,-0.11846255948087302,-8.210291087452078e-17,-0.06259751075499284,1.129723419146232]]}{"Initial Fock Matrix":[[-32.25458661771016,-2.791490942196652,3.046961850003518e-15,0.008610981194659488,-3.22711494344796e-15,-0.1812966503720168,-0.1812966503720067],[-2.791490942196649,-8.236889124504398,8.362641237505598e-15,-0.22829257340461928,-6.395449401747644e-16,-0.38579868259381,-0.3857986825937929],[3.0603237610857883e-15,8.412145435533966e-15,-7.542889038317311,2.2705249336217913e-15,1.1912832256478762e-15,-0.11321206022679788,0.113212060226802],[0.008610981194659549,-0.22829257340461914,2.27614080952415e-15,-7.45702948995345,-8.334579446253313e-16,-0.11021959970707224,-0.11021959970706906],[-3.227114943447961e-15,-6.395449401747642e-16,1.1912832256478762e-15,-8.334579446253314e-16,-7.347144867731366,6.293482693881385e-16,1.9571915098471194e-15],[-0.18129665037201714,-0.3857986825938105,-0.11321206022679837,-0.11021959970707233,6.293482693881384e-16,-4.032954696229748,-0.044646598453139],[-0.18129665037200698,-0.38579868259379246,0.11321206022680207,-0.11021959970706921,1.9571915098471194e-15,-0.044646598453138966,-4.032954696229744]]}{"Initial Density Matrix":[[1.0650117143277504,-0.2852165854419875,2.976757223031335e-16,-0.019553369676394497,1.8965194723015463e-16,0.033449559807627795,0.03344955980762904],[-0.2852165854419875,1.2489656984772468,-2.0885210382132684e-15,0.11355938709570484,3.8149706221489987e-16,-0.14428093241128817,-0.14428093241129616],[2.976757223031335e-16,-2.0885210382132684e-15,1.1258700552266887,-4.2771521106073255e-16,-1.544721546815502e-16,-0.1461316510482792,0.1461316510482784],[-0.019553369676394497,0.11355938709570484,-4.2771521106073255e-16,1.0660637654500522,2.1664026237700225e-16,-0.09935832000160007,-0.09935832000160186],[1.8965194723015463e-16,3.8149706221489987e-16,-1.544721546815502e-16,2.1664026237700225e-16,1.0,-4.986425307650222e-16,-7.630791166882822e-16],[0.033449559807627795,-0.14428093241128817,-0.1461316510482792,-0.09935832000160007,-4.986425307650222e-16,0.0426801604296048,0.00474601458575637],[0.03344955980762904,-0.14428093241129616,0.1461316510482784,-0.09935832000160186,-7.630791166882822e-16,0.00474601458575637,0.042680160429606484]]}{"Fock Matrix":[[-18.81326949992379,-4.872687544467318,-1.4907779871675686e-19,-0.011528985822159256,-2.2799609822011086e-16,-0.8067322698297233,-0.8067322698297241],[-4.8726875444673174,-1.7909028601632517,4.301572119336239e-17,-0.18086918878289715,2.2480084672622485e-17,-0.5790556891735332,-0.5790556891735306],[-5.421010862427522e-19,4.301572119336239e-17,0.1939643634155539,7.290920796786116e-17,6.339529262283286e-17,-0.17088863369928675,0.17088863369928697],[-0.011528985822159256,-0.18086918878289718,7.160816536087855e-17,0.2391246717534754,-5.381616209541776e-18,-0.18286828255812226,-0.18286828255812004],[-2.279960982201108e-16,2.248008467262251e-17,6.339529262283286e-17,-5.38161620954177e-18,0.30910706482179684,1.9024718788628011e-16,1.2363059337348638e-15],[-0.8067322698297233,-0.5790556891735332,-0.17088863369928609,-0.18286828255812182,1.902471878862801e-16,-0.14503375367339189,-0.18466746674228562],[-0.8067322698297242,-0.5790556891735306,0.17088863369928675,-0.1828682825581207,1.2363059337348638e-15,-0.1846674667422855,-0.14503375367338656]],"Density Matrix":[[1.0650117143277504,-0.2852165854419875,2.976757223031335e-16,-0.019553369676394497,1.8965194723015463e-16,0.033449559807627795,0.03344955980762904],[-0.2852165854419875,1.2489656984772468,-2.0885210382132684e-15,0.11355938709570484,3.8149706221489987e-16,-0.14428093241128817,-0.14428093241129616],[2.976757223031335e-16,-2.0885210382132684e-15,1.1258700552266887,-4.2771521106073255e-16,-1.544721546815502e-16,-0.1461316510482792,0.1461316510482784],[-0.019553369676394497,0.11355938709570484,-4.2771521106073255e-16,1.0660637654500522,2.1664026237700225e-16,-0.09935832000160007,-0.09935832000160186],[1.8965194723015463e-16,3.8149706221489987e-16,-1.544721546815502e-16,2.1664026237700225e-16,1.0,-4.986425307650222e-16,-7.630791166882822e-16],[0.033449559807627795,-0.14428093241128817,-0.1461316510482792,-0.09935832000160007,-4.986425307650222e-16,0.0426801604296048,0.00474601458575637],[0.03344955980762904,-0.14428093241129616,0.1461316510482784,-0.09935832000160186,-7.630791166882822e-16,0.00474601458575637,0.042680160429606484]],"SCF Iteration":1}{"Fock Matrix":[[-20.637335648241226,-5.238862314311239,-7.710710325445347e-17,-0.02140818601296763,-1.0276418319859522e-16,-0.8649807722819101,-0.8649807722819111],[-5.238862314311239,-2.6019054408393973,4.500252167444208e-16,-0.04439660111753663,3.833362041219354e-17,-0.8293548259235362,-0.8293548259235362],[-7.546047120499111e-17,4.361474289366063e-16,-0.35213781493609986,9.261847880434257e-16,5.773140899744493e-16,-0.3696371492590347,0.36963714925903646],[-0.021408186012967644,-0.04439660111753663,9.192458941395185e-16,-0.35183034252139755,-1.403277163609773e-15,-0.3331647004446454,-0.3331647004446445],[-1.027641831985952e-16,3.833362041219354e-17,5.773140899744493e-16,-1.4032771636097734e-15,-0.5960383013170123,3.2665113429086225e-16,1.5326996872350361e-15],[-0.8649807722819101,-0.8293548259235348,-0.3696371492590338,-0.3331647004446452,3.266511342908624e-16,-0.4537550298841859,-0.26373932887033535],[-0.8649807722819112,-0.8293548259235353,0.369637149259036,-0.3331647004446443,1.5326996872350361e-15,-0.26373932887033524,-0.45375502988418415]],"Density Matrix":[[1.0597150344629962,-0.2600546007266862,1.9668893266817261e-16,0.046585822670535876,-6.496632382472897e-17,0.016197455944745212,0.016197455944745483],[-0.2600546007266862,1.1674963355093961,-7.110290199574746e-16,-0.2639360170547328,1.7519619583005733e-15,-0.16374951003057317,-0.16374951003057625],[1.9668893266817261e-16,-7.110290199574746e-16,0.2455072010218686,-1.3322061022402085e-15,-1.2430547997061912e-15,0.2654010747050309,-0.265401074705034],[0.046585822670535876,-0.2639360170547328,-1.3322061022402085e-15,0.34545825040934053,2.871235408439636e-15,0.284739246708855,0.2847392467088532],[-6.496632382472897e-17,1.7519619583005733e-15,-1.2430547997061912e-15,2.871235408439636e-15,1.0,-1.2691483813940101e-15,-2.9026499402051306e-15],[0.016197455944745212,-0.16374951003057317,0.2654010747050309,0.284739246708855,-1.2691483813940101e-15,0.524689720834042,-0.04912424601829543],[0.016197455944745483,-0.16374951003057625,-0.265401074705034,0.2847392467088532,-2.9026499402051306e-15,-0.04912424601829543,0.5246897208340402]],"SCF Iteration":2}{"Fock Matrix":[[-20.176763869673216,-5.1470558157496376,1.231170859163598e-16,-0.023717464560861413,8.64183770026348e-17,-0.8509105219806492,-0.8509105219806505],[-5.147055815749637,-2.381800826797134,-1.2630955309456127e-17,-0.08320132114778493,6.299620912109874e-17,-0.789224218760959,-0.789224218760959],[1.201296007113939e-16,-2.6508743117270583e-17,-0.22449409923686758,1.2007549648188802e-15,8.721225185867278e-16,-0.3529714472283998,0.3529714472284011],[-0.023717464560861417,-0.08320132114778499,1.2076938587227875e-15,-0.2323105404436454,-1.100390344427956e-15,-0.3240147807315412,-0.32401478073154144],[8.641837700263481e-17,6.299620912109884e-17,8.721225185867277e-16,-1.1003903444279564e-15,-0.34937964065478333,3.9218779499247384e-16,1.830316278009968e-15],[-0.8509105219806494,-0.7892242187609577,-0.35297144722839957,-0.3240147807315412,3.9218779499247394e-16,-0.4036389484227527,-0.2519484658593145],[-0.8509105219806503,-0.7892242187609586,0.35297144722840135,-0.32401478073154144,1.830316278009968e-15,-0.2519484658593144,-0.4036389484227527]],"Density Matrix":[[1.0568182445088778,-0.2423756820971122,-2.538975638893779e-16,0.046812837339650124,-2.85818678064487e-16,-0.0015757088486358373,-0.001575708848636035],[-0.2423756820971122,1.0596375962186164,6.400012401642147e-16,-0.26264342543905767,2.1516158851337774e-15,-0.055568404676383895,-0.05556840467638585],[-2.538975638893779e-16,6.400012401642147e-16,0.4193734039371578,-1.6950511503362543e-15,-1.9751220175522037e-15,0.2719578234313838,-0.2719578234313864],[0.046812837339650124,-0.26264342543905767,-1.6950511503362543e-15,0.5530895307259777,2.538923665359028e-15,0.2638516258868371,0.2638516258868361],[-2.85818678064487e-16,2.1516158851337774e-15,-1.9751220175522037e-15,2.538923665359028e-15,0.9999999999999998,-1.0422102832261326e-15,-3.970375399488646e-15],[-0.0015757088486358373,-0.055568404676383895,0.2719578234313838,0.2638516258868371,-1.0422102832261326e-15,0.3074875685150017,-0.04523416839618957],[-0.001575708848636035,-0.05556840467638585,-0.2719578234313864,0.2638516258868361,-3.970375399488646e-15,-0.04523416839618957,0.3074875685150017]],"SCF Iteration":3}{"Fock Matrix":[[-20.270284242015574,-5.166637012127783,1.40831085942289e-16,-0.025376209483209004,-1.0353688790721685e-16,-0.8538480287045382,-0.8538480287045391],[-5.166637012127783,-2.419873377770368,-2.349466107776088e-16,-0.07324749698247426,-1.9375448774415208e-18,-0.8019189137521208,-0.8019189137521217],[1.4051260155412137e-16,-2.2106882296979435e-16,-0.24435110552462724,9.645947675860928e-16,6.202598810860618e-16,-0.3585837125055056,0.35858371250550714],[-0.025376209483209025,-0.07324749698247425,9.784725553939073e-16,-0.2715064537917735,-8.658647707153322e-16,-0.3260076188293539,-0.3260076188293539],[-1.0353688790721687e-16,-1.9375448774416194e-18,6.202598810860618e-16,-8.658647707153321e-16,-0.3965209170002346,2.7810574604216254e-16,1.5880942330753945e-15],[-0.8538480287045382,-0.8019189137521203,-0.3585837125055056,-0.3260076188293539,2.7810574604216254e-16,-0.4195475030127209,-0.25452215551839175],[-0.8538480287045391,-0.8019189137521212,0.3585837125055069,-0.3260076188293539,1.5880942330753943e-15,-0.2545221555183915,-0.4195475030127209]],"Density Matrix":[[1.055493010486578,-0.2361386594143237,-3.466003504517038e-16,0.052346398354616595,-6.586132402611567e-17,-0.005365424591033938,-0.005365424591034049],[-0.2361386594143237,1.0328952499580941,1.2529627450923914e-15,-0.283234338666017,1.7054166605361026e-15,-0.044831192253216995,-0.04483119225321899],[-3.466003504517038e-16,1.2529627450923914e-15,0.37334948922707906,-1.3609819748256155e-15,-1.4034850811538345e-15,0.2749672699544846,-0.27496726995448695],[0.052346398354616595,-0.283234338666017,-1.3609819748256155e-15,0.5413668730025327,1.9637318025932182e-15,0.2648550656260875,0.26485506562608646],[-6.586132402611567e-17,1.7054166605361026e-15,-1.4034850811538345e-15,1.9637318025932182e-15,1.0,-8.3057968888605665e-16,-2.9072615695813097e-15],[-0.005365424591033938,-0.044831192253216995,0.2749672699544846,0.2648550656260875,-8.3057968888605665e-16,0.3420959989760522,-0.06292397146905154],[-0.005365424591034049,-0.04483119225321899,-0.27496726995448695,0.26485506562608646,-2.9072615695813097e-15,-0.06292397146905154,0.34209599897605225]],"SCF Iteration":4}{"Fock Matrix":[[-20.252796823041166,-5.1632792329450705,2.716942881612894e-16,-0.02542836182852683,4.3971517736779476e-16,-0.8532961980371297,-0.8532961980371307],[-5.1632792329450705,-2.4107584083937663,3.337987438539747e-17,-0.07467305908635131,7.907227907333821e-17,-0.800819251013603,-0.8008192510136034],[2.701831813833877e-16,6.113545000102638e-17,-0.23655190829936945,4.133029503491578e-16,1.081849313729616e-15,-0.357755722042989,0.3577557220429908],[-0.025428361828526834,-0.07467305908635129,4.0289460949329697e-16,-0.2706140511641877,-8.950071183728827e-16,-0.3250207791083626,-0.32502077910836213],[4.3971517736779476e-16,7.907227907333831e-17,1.0818493137296158e-15,-8.95007118372883e-16,-0.3869629940913315,1.4758247159592882e-16,1.6887429974793801e-15],[-0.8532961980371299,-0.8008192510136034,-0.35775572204298944,-0.3250207791083628,1.4758247159592874e-16,-0.4176953400000514,-0.25320195822084524],[-0.8532961980371307,-0.8008192510136034,0.35775572204299144,-0.32502077910836236,1.6887429974793805e-15,-0.25320195822084535,-0.4176953400000514]],"Density Matrix":[[1.0551454315221147,-0.23422465962717384,-4.455504973367689e-16,0.052354108396428095,-5.766602259107018e-16,-0.007020198255226137,-0.0070201982552266715],[-0.23422465962717384,1.0224477074216651,7.297459882033642e-16,-0.2820565751772972,1.6096154662665725e-15,-0.03601797680766439,-0.036017976807665525],[-4.455504973367689e-16,7.297459882033642e-16,0.37523141253965037,-7.711943916015353e-16,-2.4483107631809077e-15,0.27490395771313403,-0.2749039577131358],[0.052354108396428095,-0.2820565751772972,-7.711943916015353e-16,0.5575144901875024,1.984082912829221e-15,0.2609341152654377,0.26093411526543575],[-5.766602259107018e-16,1.6096154662665725e-15,-2.4483107631809077e-15,1.984082912829221e-15,0.9999999999999993,1.866928861361413e-17,-3.605204383238855e-15],[-0.007020198255226137,-0.03601797680766439,0.27490395771313403,0.2609341152654377,1.866928861361413e-17,0.3340793986474496,-0.0687236900111231],[-0.0070201982552266715,-0.036017976807665525,-0.2749039577131358,0.26093411526543575,-3.605204383238855e-15,-0.0687236900111231,0.334079398647449]],"SCF Iteration":5}{"Fock Matrix":[[-20.25544023102188,-5.163893925260455,2.492072574775822e-16,-0.025488835393912886,3.3964921712758444e-17,-0.8533745087376969,-0.8533745087376978],[-5.163893925260454,-2.411430890364077,-6.513344551206668e-17,-0.074343420883537,2.2654694737330298e-17,-0.8014047979392473,-0.8014047979392469],[2.45029690981724e-16,-7.901123331988114e-17,-0.23555257918402983,-9.459663954936026e-18,9.6760315017664e-16,-0.3578731295205535,0.3578731295205555],[-0.025488835393912904,-0.07434342088353697,-1.6398557858843255e-17,-0.273712324227688,-7.359599505931094e-16,-0.32489914600047776,-0.3248991460004773],[3.396492171275842e-17,2.2654694737330446e-17,9.676031501766398e-16,-7.359599505931093e-16,-0.3881570060786794,1.1761748123805094e-16,1.6273719598739094e-15],[-0.8533745087376969,-0.8014047979392465,-0.35787312952055395,-0.32489914600047753,1.1761748123805086e-16,-0.4182495889259963,-0.2528259032420509],[-0.853374508737698,-0.8014047979392469,0.3578731295205553,-0.32489914600047687,1.6273719598739094e-15,-0.2528259032420511,-0.4182495889259972]],"Density Matrix":[[1.0549871990941868,-0.2334106167104283,-3.7175675894730273e-16,0.05259786882796222,-1.6851163169747036e-16,-0.007637940618440302,-0.007637940618440496],[-0.2334106167104283,1.018377936117264,4.454360552809415e-16,-0.28260420759169075,1.415721584061822e-15,-0.03318003495626087,-0.03318003495626365],[-3.7175675894730273e-16,4.454360552809415e-16,0.37132593178048273,-7.881418357999194e-17,-2.209505307861548e-15,0.2750294711828211,-0.2750294711828235],[0.05259786882796222,-0.28260420759169075,-7.881418357999194e-17,0.5613624344421596,1.6675815076736688e-15,0.2598524226050559,0.2598524226050538],[-1.6851163169747036e-16,1.415721584061822e-15,-2.209505307861548e-15,1.6675815076736688e-15,0.9999999999999998,8.343061031357748e-17,-3.251196658439825e-15],[-0.007637940618440302,-0.03318003495626087,0.2750294711828211,0.2598524226050559,8.343061031357748e-17,0.33495080711388475,-0.07246059912110854],[-0.007637940618440496,-0.03318003495626365,-0.2750294711828235,0.2598524226050538,-3.251196658439825e-15,-0.07246059912110854,0.3349508071138854]],"SCF Iteration":6}{"Fock Matrix":[[-20.25471301182581,-5.163777264613799,2.7437091227461297e-17,-0.025485851383956253,-3.679778821731768e-17,-0.8533488112646513,-0.8533488112646523],[-5.163777264613798,-2.4109003834946217,-8.441869165515259e-17,-0.07439091527111824,4.6352852467296325e-18,-0.8014484082522833,-0.8014484082522846],[2.3418766925686896e-17,-7.054090384733813e-17,-0.23449951716181872,-2.3432150046253514e-16,1.087433280675267e-15,-0.35781668900480423,0.3578166890048058],[-0.025485851383956246,-0.07439091527111825,-2.308520535105815e-16,-0.27456229493767914,-6.426122776879465e-16,-0.324776020806262,-0.3247760208062609],[-3.6797788217317636e-17,4.6352852467296325e-18,1.0874332806752667e-15,-6.426122776879465e-16,-0.38770606800747043,6.710111252832892e-17,1.6512718586833515e-15],[-0.8533488112646513,-0.8014484082522837,-0.35781668900480423,-0.324776020806262,6.71011125283289e-17,-0.4181962854202439,-0.2525479792130205],[-0.8533488112646522,-0.8014484082522841,0.3578166890048058,-0.3247760208062609,1.651271858683351e-15,-0.25254797921302075,-0.4181962854202439]],"Density Matrix":[[1.0549261388596198,-0.23308066242156975,-1.1769637627409589e-16,0.052611103886591334,-9.802204576413859e-17,-0.007914356278142656,-0.007914356278143023],[-0.23308066242156975,1.016616777319648,5.470306566560348e-17,-0.2824405567158081,1.3760823852983445e-15,-0.03175367442990862,-0.0317536744299102],[-1.1769637627409589e-16,5.470306566560348e-17,0.37016182330531994,3.7688158711892746e-16,-2.49179198922937e-15,0.2750624847153006,-0.2750624847153028],[0.052611103886591334,-0.2824405567158081,3.7688158711892746e-16,0.5638927738258314,1.497033815672245e-15,0.25918716896508026,0.2591871689650787],[-9.802204576413859e-17,1.3760823852983445e-15,-2.49179198922937e-15,1.497033815672245e-15,1.0,3.872122119402703e-16,-3.4013554910307558e-15],[-0.007914356278142656,-0.03175367442990862,0.2750624847153006,0.25918716896508026,3.872122119402703e-16,0.3345967691270036,-0.07419401227861656],[-0.007914356278143023,-0.0317536744299102,-0.2750624847153028,0.2591871689650787,-3.4013554910307558e-15,-0.07419401227861656,0.33459676912700537]],"SCF Iteration":7}{"Fock Matrix":[[-20.254707855437754,-5.1637900950527005,6.824375049438447e-17,-0.02548413121292089,1.619347409152108e-16,-0.8533470972497724,-0.8533470972497732],[-5.163790095052702,-2.4108065279110136,-2.512164196284694e-16,-0.07438335262812705,3.02947314945443e-17,-0.8015019928333573,-0.8015019928333587],[6.548581121812447e-17,-2.512164196284694e-16,-0.23407212157275392,8.806754018533466e-16,8.22752427773612e-16,-0.3578039920259428,0.35780399202594415],[-0.025484131212920903,-0.07438335262812701,8.702670609974858e-16,-0.2750831383284762,-6.748795607201716e-16,-0.32472850943929,-0.3247285094392891],[1.6193474091521084e-16,3.02947314945443e-17,8.227524277736118e-16,-6.748795607201716e-16,-0.3876709391261315,1.3910461279337633e-16,1.550819575213662e-15],[-0.8533470972497723,-0.8015019928333573,-0.3578039920259424,-0.32472850943928955,1.3910461279337633e-16,-0.4182123703162901,-0.2524189542616948],[-0.8533470972497734,-0.8015019928333587,0.35780399202594415,-0.3247285094392893,1.550819575213662e-15,-0.252418954261695,-0.4182123703162901]],"Density Matrix":[[1.0548980455680765,-0.2329300211532424,-2.0378633553680002e-16,0.05262174304798597,-2.8601931687876413e-16,-0.008038822783990995,-0.008038822783991057],[-0.2329300211532424,1.0158204230404664,6.388405184869565e-16,-0.28238559126109286,1.3463789462034613e-15,-0.03112088285606815,-0.031120882856070592],[-2.0378633553680002e-16,6.388405184869565e-16,0.36944000056994586,-1.0636755660381035e-15,-1.8620761969570262e-15,0.275081936260121,-0.2750819362601241],[0.05262174304798597,-0.28238559126109286,-1.0636755660381035e-15,0.5649882990210607,1.534495237176278e-15,0.2588944679660861,0.25889446796608545],[-2.8601931687876413e-16,1.3463789462034613e-15,-1.8620761969570262e-15,1.534495237176278e-15,0.9999999999999998,-9.024686827620916e-17,-2.846801491896638e-15],[-0.008038822783990995,-0.03112088285606815,0.275081936260121,0.2588944679660861,-9.024686827620916e-17,0.33457867655930873,-0.0750687440766783],[-0.008038822783991057,-0.031120882856070592,-0.2750819362601241,0.25889446796608545,-2.846801491896638e-15,-0.0750687440766783,0.33457867655931073]],"SCF Iteration":8}{"Fock Matrix":[[-20.25464324022495,-5.163783300414848,3.1557398296085115e-16,-0.025481899334331523,4.0512018493223394e-17,-0.8533442800182021,-0.8533442800182032],[-5.163783300414847,-2.410735817053544,-5.577407025808556e-16,-0.07438645565573856,2.0536229391155253e-17,-0.8015198231769829,-0.8015198231769842],[3.157196726277789e-16,-5.508018086769484e-16,-0.23384695452252924,2.1321030539505313e-15,4.956005412327431e-16,-0.3577940455081061,0.3577940455081079],[-0.025481899334331516,-0.07438645565573856,2.142511394806392e-15,-0.27531430954629776,-5.305964393894027e-16,-0.32470359943115645,-0.32470359943115756],[4.0512018493223407e-17,2.0536229391155253e-17,4.956005412327432e-16,-5.305964393894028e-16,-0.38762249912285096,1.409522243272229e-16,1.3811916807704151e-15],[-0.8533442800182021,-0.8015198231769829,-0.3577940455081059,-0.32470359943115645,1.4095222432722288e-16,-0.41820922879215594,-0.25235286409189606],[-0.8533442800182031,-0.8015198231769829,0.35779404550810767,-0.3247035994311571,1.3811916807704151e-15,-0.25235286409189606,-0.41820922879215416]],"Density Matrix":[[1.0548852600524707,-0.23286071094083777,-7.054889176902751e-16,0.052622672833310874,-1.3317091604156518e-16,-0.008097295511171988,-0.008097295511172359],[-0.23286071094083777,1.0154489567722929,2.328018119848719e-15,-0.2823422563908275,9.861416896227631e-16,-0.03081710137588567,-0.030817101375887473],[-7.054889176902751e-16,2.328018119848719e-15,0.369111442582412,-2.812304113005349e-15,-1.1157017109551e-15,0.27509053141787004,-0.27509053141787343],[0.052622672833310874,-0.2823422563908275,-2.812304113005349e-15,0.5655370467430689,1.1928574838648133e-15,0.2587489795453502,0.25874897954535026],[-1.3317091604156518e-16,9.861416896227631e-16,-1.1157017109551e-15,1.1928574838648133e-15,1.0,-2.9730465624839237e-16,-1.9295808791527586e-15],[-0.008097295511171988,-0.03081710137588567,0.27509053141787004,0.2587489795453502,-2.9730465624839237e-16,0.3345472472023755,-0.07549043651896262],[-0.008097295511172359,-0.030817101375887473,-0.27509053141787343,0.25874897954535026,-1.9295808791527586e-15,-0.07549043651896262,0.3345472472023767]],"SCF Iteration":9}{"Fock Matrix":[[-20.254622608043896,-5.163782089962483,2.4689316346568346e-16,-0.025480715086371376,2.688818434616947e-16,-0.8533432416580676,-0.8533432416580684],[-5.163782089962483,-2.410706907914024,1.4913200882538113e-16,-0.07438711070505333,4.4586518975382626e-17,-0.8015292658620705,-0.801529265862071],[2.480654570646834e-16,1.630097966331956e-16,-0.23374044755532353,1.4939848539058734e-15,7.457120595892228e-16,-0.35778960128559567,0.35778960128559745],[-0.02548071508637139,-0.07438711070505334,1.497454300857827e-15,-0.27542922063111686,-7.096014268053766e-16,-0.32469196336450046,-0.32469196336450046],[2.688818434616947e-16,4.4586518975382724e-17,7.457120595892228e-16,-7.096014268053765e-16,-0.3876047820304276,1.388426066276995e-16,1.5310260990836584e-15],[-0.8533432416580675,-0.8015292658620714,-0.35778960128559545,-0.32469196336450046,1.388426066276995e-16,-0.4182087530553025,-0.25232092369450265],[-0.8533432416580686,-0.8015292658620723,0.3577896012855979,-0.32469196336450046,1.5310260990836586e-15,-0.25232092369450265,-0.41820875305530425]],"Density Matrix":[[1.0548792046922608,-0.2328278772743635,-4.029591905213725e-16,0.052623016670530626,-3.870093357385902e-16,-0.008125014095362051,-0.00812501409536243],[-0.2328278772743635,1.015272932166988,8.620817180032468e-16,-0.2823212384919964,1.3293184279206766e-15,-0.030673017905912925,-0.030673017905914257],[-4.029591905213725e-16,8.620817180032468e-16,0.3689473810053157,-2.3114923261993e-15,-1.7023039291147558e-15,0.2750947626547964,-0.2750947626547989],[0.052623016670530626,-0.2823212384919964,-2.3114923261993e-15,0.5657978240779279,1.5819382324000045e-15,0.25867973527819205,0.25867973527819027],[-3.870093357385902e-16,1.3293184279206766e-15,-1.7023039291147558e-15,1.5819382324000045e-15,0.9999999999999996,-1.6490569769773285e-16,-2.7323887547558827e-15],[-0.008125014095362051,-0.030673017905912925,0.2750947626547964,0.25867973527819205,-1.6490569769773285e-16,0.3345370713919424,-0.07569556521815067],[-0.00812501409536243,-0.030673017905914257,-0.2750947626547989,0.25867973527819027,-2.7323887547558827e-15,-0.07569556521815067,0.33453707139194067]],"SCF Iteration":10}{"Fock Matrix":[[-20.254610729562586,-5.1637810939718936,-9.044956623960321e-17,-0.02548007577721225,-3.754140171300967e-17,-0.8533426778143092,-0.8533426778143101],[-5.1637810939718936,-2.4106922373504833,9.47619803806643e-16,-0.07438765729554603,5.571085840972723e-18,-0.8015335358791202,-0.8015335358791207],[-8.933825901280557e-17,9.614975916144575e-16,-0.23368839268421127,-1.9624974117570665e-15,8.449839531555162e-16,-0.35778731806942066,0.35778731806942043],[-0.02548007577721225,-0.074387657295546,-1.9555585178531593e-15,-0.2754840387417019,-6.423071547960002e-16,-0.32468629133680493,-0.3246862913368018],[-3.7541401713009714e-17,5.5710858409729695e-18,8.449839531555164e-16,-6.423071547960003e-16,-0.38759528086272343,1.212558816308009e-16,1.5687782473962693e-15],[-0.8533426778143091,-0.8015335358791202,-0.35778731806941977,-0.32468629133680493,1.212558816308009e-16,-0.41820812801845353,-0.2523053425719757],[-0.8533426778143101,-0.8015335358791211,0.3577873180694213,-0.3246862913368025,1.5687782473962693e-15,-0.2523053425719757,-0.4182081280184544]],"Density Matrix":[[1.0548763245606134,-0.23281222529444204,2.2984795508317843e-16,0.05262299419813411,-9.233944997966922e-17,-0.008138284211661576,-0.008138284211662215],[-0.23281222529444204,1.0151887861616036,-1.2723570056300916e-15,-0.2823103666523509,1.3269966651656177e-15,-0.030603743904928538,-0.030603743904927955],[2.2984795508317843e-16,-1.2723570056300916e-15,0.36886867150792396,1.856322629381359e-15,-1.931321329198452e-15,0.2750967782685243,-0.2750967782685246],[0.05262299419813411,-0.2823103666523509,1.856322629381359e-15,0.5659242309914515,1.4807153125793773e-15,0.25864621227222423,0.258646212272218],[-9.233944997966922e-17,1.3269966651656177e-15,-1.931321329198452e-15,1.4807153125793773e-15,1.0,1.2393145224079506e-18,-2.9193983679185715e-15],[-0.008138284211661576,-0.030603743904928538,0.2750967782685243,0.25864621227222423,1.2393145224079506e-18,0.334531539479873,-0.07579464574128819],[-0.008138284211662215,-0.030603743904927955,-0.2750967782685246,0.258646212272218,-2.9193983679185715e-15,-0.07579464574128819,0.33453153947986947]],"SCF Iteration":11}{"Fock Matrix":[[-20.2546053160415,-5.1637806732245295,-9.713773839112316e-18,-0.02547975785693786,-2.14016868691614e-17,-0.853342415126976,-0.853342415126977],[-5.163780673224528,-2.4106853323255084,5.397768278354864e-16,-0.07438790112421859,1.392274943645013e-17,-0.801535611914141,-0.8015356119141419],[-3.903127820947816e-18,5.25899040027672e-16,-0.2336633203764782,-3.2322099640866297e-15,1.0502200673223956e-15,-0.35778622182213127,0.35778622182213105],[-0.025479757856937874,-0.07438790112421861,-3.228740517134676e-15,-0.27551058964449293,-6.761583941469293e-16,-0.3246835672791688,-0.3246835672791657],[-2.14016868691614e-17,1.392274943645023e-17,1.0502200673223954e-15,-6.76158394146929e-16,-0.387590872640013,8.188648741425518e-17,1.6138905497946739e-15],[-0.853342415126976,-0.801535611914141,-0.3577862218221308,-0.3246835672791688,8.188648741425516e-17,-0.41820784309107495,-0.25229781010995656],[-0.8533424151269768,-0.8015356119141415,0.35778622182213127,-0.3246835672791657,1.6138905497946739e-15,-0.25229781010995644,-0.41820784309107584]],"Density Matrix":[[1.0548749428218658,-0.23280471328955948,1.4996747648527605e-16,0.05262296544649521,-1.0611355221439884e-16,-0.008144658182308313,-0.008144658182308525],[-0.23280471328955948,1.0151483812102053,-1.3472539547433424e-15,-0.2823050646757074,1.3192073380705307e-15,-0.03057044442260387,-0.030570444422605286],[1.4996747648527605e-16,-1.3472539547433424e-15,0.368830486433902,3.947068585123755e-15,-2.3818430061884437e-15,0.2750977527699763,-0.2750977527699769],[0.05262296544649521,-0.2823050646757074,3.947068585123755e-15,0.5659850915473207,1.5390632362150442e-15,0.25863007150467165,0.25863007150466594],[-1.0611355221439884e-16,1.3192073380705307e-15,-2.3818430061884437e-15,1.5390632362150442e-15,0.9999999999999998,2.9472380124803583e-16,-3.2473957160695986e-15],[-0.008144658182308313,-0.03057044442260387,0.2750977527699763,0.25863007150467165,2.9472380124803583e-16,0.33452904113785653,-0.07584253259404278],[-0.008144658182308525,-0.030570444422605286,-0.2750977527699769,0.25863007150466594,-3.2473957160695986e-15,-0.07584253259404278,0.33452904113785675]],"SCF Iteration":12}{"Fock Matrix":[[-20.25460264397705,-5.163780456752688,1.6684516181836306e-16,-0.02547960085236048,2.8132468413550355e-16,-0.8533422863454323,-0.8533422863454336],[-5.163780456752688,-2.410681982065274,-6.757357802651687e-16,-0.0743880272792321,3.8717262922068457e-17,-0.8015366023889814,-0.8015366023889805],[1.687018580387445e-16,-6.757357802651687e-16,-0.23365119732926765,-7.572694777019731e-16,1.4409370277833774e-15,-0.35778568729214144,0.357785687292143],[-0.02547960085236049,-0.07438802727923206,-7.607389246539267e-16,-0.27552338085564987,-7.192396034555883e-16,-0.3246822514000991,-0.3246822514000993],[2.8132468413550355e-16,3.8717262922068555e-17,1.4409370277833776e-15,-7.192396034555881e-16,-0.3875887172754835,-2.8482202273272964e-17,1.7397002746195334e-15],[-0.8533422863454323,-0.8015366023889814,-0.3577856872921419,-0.3246822514000989,-2.848220227327311e-17,-0.4182076897542517,-0.2522941672584661],[-0.8533422863454332,-0.8015366023889814,0.35778568729214344,-0.32468225140009865,1.7397002746195332e-15,-0.2522941672584661,-0.4182076897542508]],"Density Matrix":[[1.0548742785065142,-0.2328010998803956,-3.0358226935422237e-16,0.05262294216464695,-4.107022680494891e-16,-0.008147727043190181,-0.00814772704319],[-0.2328010998803956,1.015128933949865,2.3972915156840014e-16,-0.2823024709731243,1.4373756103825507e-15,-0.03055439704988397,-0.030554397049888937],[-3.0358226935422237e-16,2.3972915156840014e-16,0.3688120662500428,1.5655023390442408e-15,-3.2973077991041537e-15,0.2750982220788187,-0.2750982220788219],[0.05262294216464695,-0.2823024709731243,1.5655023390442408e-15,0.5660144725550426,1.6245246067989174e-15,0.25862228133795623,0.25862228133795606],[-4.107022680494891e-16,1.4373756103825507e-15,-3.2973077991041537e-15,1.6245246067989174e-15,0.9999999999999993,9.67151459252005e-16,-4.031622532841568e-15],[-0.008147727043190181,-0.03055439704988397,0.2750982220788187,0.25862228133795623,9.67151459252005e-16,0.3345278211346119,-0.0758656486908542],[-0.00814772704319,-0.030554397049888937,-0.2750982220788219,0.25862228133795606,-4.031622532841568e-15,-0.0758656486908542,0.334527821134618]],"SCF Iteration":13}{"Fock Matrix":[[-20.254601364126756,-5.163780353921496,9.509469492234579e-17,-0.0254795244294245,-1.5946991568696317e-16,-0.8533422244667666,-0.8533422244667672],[-5.163780353921496,-2.4106803717329024,-1.5409223376450232e-16,-0.0743880879011439,-1.1226675951311815e-17,-0.8015370801675923,-0.8015370801675941],[9.6710833785707e-17,-1.8878670328403846e-16,-0.23364534796455505,-5.449132356276365e-16,1.3248252142541428e-15,-0.35778542921379275,0.35778542921379386],[-0.0254795244294245,-0.07438808790114392,-5.379743417237293e-16,-0.2755295556354911,-5.844944165950379e-16,-0.3246816169381368,-0.32468161693813613],[-1.594699156869632e-16,-1.1226675951311716e-17,1.3248252142541434e-15,-5.844944165950379e-16,-0.38758768287858736,-8.72182605546435e-17,1.6993957574261399e-15],[-0.8533422244667666,-0.8015370801675918,-0.35778542921379275,-0.32468161693813613,-8.721826055464346e-17,-0.4182076153477725,-0.25229240832479893],[-0.8533422244667673,-0.8015370801675927,0.3577854292137941,-0.3246816169381357,1.6993957574261397e-15,-0.2522924083247988,-0.4182076153477716]],"Density Matrix":[[1.054873958488419,-0.23279935894534304,-2.4496906216174156e-16,0.05262292948129649,3.847964423248493e-17,-0.008149206051262833,-0.008149206051263166],[-0.23279935894534304,1.0151195625536265,3.7251804294465564e-16,-0.28230121453698165,1.1855876213148198e-15,-0.030546660981427498,-0.030546660981429746],[-2.4496906216174156e-16,3.7251804294465564e-16,0.36880316971383925,7.230537995740447e-16,-3.09321868721045e-15,0.2750984485619456,-0.27509844856194743],[0.05262292948129649,-0.28230121453698165,7.230537995740447e-16,0.5660286444579565,1.3409816770151164e-15,0.2586185239186908,0.25861852391868895],[3.847964423248493e-17,1.1855876213148198e-15,-3.09321868721045e-15,1.3409816770151164e-15,1.0,1.1355985318377761e-15,-3.751979807672386e-15],[-0.008149206051262833,-0.030546660981427498,0.2750984485619456,0.2586185239186908,1.1355985318377761e-15,0.33452723881042995,-0.07587680657730653],[-0.008149206051263166,-0.030546660981429746,-0.27509844856194743,0.25861852391868895,-3.751979807672386e-15,-0.07587680657730653,0.33452723881043156]],"SCF Iteration":14}{"Fock Matrix":[[-20.254600744687753,-5.163780303841134,1.0147454708106518e-17,-0.025479487350997043,-1.4278369837388722e-16,-0.8533421945410624,-0.8533421945410634],[-5.1637803038411345,-2.410679594390171,1.4437507179360098e-16,-0.07438811750072387,6.729093084945369e-18,-0.8015373102036705,-0.8015373102036714],[1.0408340855860843e-17,1.3743617788969376e-16,-0.2336425245144751,-1.976212569239008e-16,7.028387403715883e-16,-0.3577853044373547,0.3577853044373558],[-0.025479487350997056,-0.07438811750072384,-1.976212569239008e-16,-0.27553253436471703,-4.929369150764183e-16,-0.32468131077830487,-0.324681310778304],[-1.4278369837388724e-16,6.7290930849454184e-18,7.028387403715881e-16,-4.929369150764186e-16,-0.3875871829571418,5.368640454996639e-17,1.4359895510245583e-15],[-0.8533421945410626,-0.8015373102036714,-0.35778530443735446,-0.3246813107783051,5.3686404549966486e-17,-0.41820757873128045,-0.2522915591756738],[-0.8533421945410634,-0.8015373102036709,0.357785304437356,-0.32468131077830353,1.4359895510245581e-15,-0.2522915591756737,-0.41820757873127956]],"Density Matrix":[[1.054873804218955,-0.23279851960547565,-3.411255271227301e-17,0.05262292285052394,5.611423590900054e-17,-0.008149919267831759,-0.008149919267832047],[-0.23279851960547565,1.015115043775879,-4.184473969710009e-16,-0.28230060641407495,8.668670872809136e-16,-0.030542929644491318,-0.030542929644493427],[-3.411255271227301e-17,-4.184473969710009e-16,0.36879887663176225,1.4891486672133295e-16,-1.614148441718154e-15,0.27509855781033776,-0.2750985578103391],[0.05262292285052394,-0.28230060641407495,1.4891486672133295e-16,0.5660354828080401,1.107974485696646e-15,0.25861671096206157,0.2586167109620599],[5.611423590900054e-17,8.668670872809136e-16,-1.614148441718154e-15,1.107974485696646e-15,1.0,1.99174952893793e-16,-2.266679042647885e-15],[-0.008149919267831759,-0.030542929644491318,0.27509855781033776,0.25861671096206157,1.99174952893793e-16,0.33452695766602064,-0.07588219108468008],[-0.008149919267832047,-0.030542929644493427,-0.2750985578103391,0.2586167109620599,-2.266679042647885e-15,-0.07588219108468008,0.33452695766602064]],"SCF Iteration":15}{"Fock Matrix":[[-20.2546004460767,-5.163780279713658,1.494775982678609e-16,-0.02547946941685797,1.1199133094738554e-17,-0.8533421801080141,-0.853342180108015],[-5.163780279713658,-2.410679219561601,1.4442928190222526e-16,-0.07438813179712653,1.7482417410512752e-17,-0.8015374211558011,-0.8015374211558024],[1.496198998029996e-16,1.5830706971003972e-16,-0.23364116210730224,-1.0127092036054525e-15,9.247975676128815e-16,-0.35778524420688873,0.3577852442068903],[-0.025479469416857956,-0.07438813179712651,-1.0127092036054525e-15,-0.275533971700467,-5.745827051853585e-16,-0.32468116307304906,-0.3246811630730466],[1.1199133094738566e-17,1.74824174105128e-17,9.247975676128817e-16,-5.745827051853585e-16,-0.38758694192498133,7.689138788418823e-17,1.563739074372525e-15],[-0.8533421801080141,-0.8015374211558028,-0.35778524420688895,-0.32468116307304906,7.689138788418833e-17,-0.41820756099382983,-0.2522911493697676],[-0.8533421801080151,-0.8015374211558024,0.35778524420689006,-0.32468116307304795,1.5637390743725253e-15,-0.2522911493697677,-0.41820756099382983]],"Density Matrix":[[1.0548737298158444,-0.2327981147791575,-1.921256427320263e-16,0.05262291955154593,-1.2451920467286041e-16,-0.00815026329347579,-0.008150263293476009],[-0.2327981147791575,1.0151128641787202,-1.4902369984501673e-17,-0.28230031264175115,1.1863981537243418e-15,-0.03054112965079095,-0.030541129650792975],[-1.921256427320263e-16,-1.4902369984501673e-17,0.3687968047840961,1.0881095724603033e-15,-2.1114865517807412e-15,0.2750986105238655,-0.2750986105238672],[0.05262291955154593,-0.28230031264175115,1.0881095724603033e-15,0.5660387821733274,1.3330776753905599e-15,0.25861583626438023,0.25861583626437656],[-1.2451920467286041e-16,1.1863981537243418e-15,-2.1114865517807412e-15,1.3330776753905599e-15,1.0,2.619619763788528e-16,-2.923853606837459e-15],[-0.00815026329347579,-0.03054112965079095,0.2750986105238655,0.25861583626438023,2.619619763788528e-16,0.33452682227398983,-0.07588478938011145],[-0.008150263293476009,-0.030541129650792975,-0.2750986105238672,0.25861583626437656,-2.923853606837459e-15,-0.07588478938011145,0.3345268222739897]],"SCF Iteration":16}{"Fock Matrix":[[-20.254600301932932,-5.163780268054658,2.1503456025355472e-16,-0.025479460751558786,1.2132429221803852e-16,-0.8533421731414751,-0.8533421731414761],[-5.1637802680546585,-2.4106790387076416,-7.425158578266977e-16,-0.07438813871135053,3.1078303844381403e-17,-0.8015374746663912,-0.8015374746663904],[2.1423834928313568e-16,-7.494547517306049e-16,-0.2336405046850567,1.2014865895270711e-15,1.1394076684698476e-15,-0.3577852151326779,0.35778521513267925],[-0.025479460751558797,-0.07438813871135055,1.194547695623164e-15,-0.2755346652016071,-7.054306294184911e-16,-0.32468109180475935,-0.32468109180475957],[1.2132429221803852e-16,3.10783038443816e-17,1.1394076684698474e-15,-7.054306294184912e-16,-0.387586825603635,6.573993295557518e-17,1.6599013567481337e-15],[-0.8533421731414751,-0.8015374746663917,-0.35778521513267747,-0.3246810918047591,6.573993295557513e-17,-0.4182075523994584,-0.25229095161013015],[-0.8533421731414761,-0.8015374746663921,0.35778521513267947,-0.3246810918047598,1.6599013567481335e-15,-0.25229095161013027,-0.4182075523994566]],"Density Matrix":[[1.0548736939244465,-0.23279791948900758,-4.2140320459635483e-16,0.05262291793046251,-2.4984543423649776e-16,-0.008150429262158514,-0.008150429262158223],[-0.23279791948900758,1.0151118126939285,9.064096239418616e-16,-0.282300170788361,1.3848318028925215e-15,-0.030540261231720156,-0.030540261231725402],[-4.2140320459635483e-16,9.064096239418616e-16,0.3687958050559015,-1.0523920630297581e-15,-2.5971370006268e-15,0.2750986359574051,-0.27509863595740863],[0.05262291793046251,-0.282300170788361,-1.0523920630297581e-15,0.5660403741364227,1.6042996986841214e-15,0.25861541422403306,0.2586154142240348],[-2.49845434