{"Calculation":"sto3g-water"}{"Structure":"Fock","Data":[[-20.064193610703505,-2.6807367062319125,0.040682817287030215,-0.04479924647804481,3.654368283558985e-17,-0.10268363063789536,-0.09357156251566047],[-2.680736706231913,-1.551630516701049,-0.31544871296353993,0.05401816114247805,-3.615714917761559e-16,-0.34734432557463246,-0.40670747636207066],[0.04068281728703016,-0.3154487129635394,0.3868982712410205,-0.22475169693041597,1.282152925130939e-16,-0.4308369350351676,2.0924259944264816],[-0.044799246478044716,0.054018161142478066,-0.22475169693041624,-0.3876805057172444,-5.061503160508699e-16,-0.31243077598195806,-0.24997063307331904],[3.6543682835589885e-17,-3.61571491776156e-16,1.2821529251309386e-16,-5.061503160508698e-16,-0.5965520064160996,1.7787461204840575e-16,1.4206857990392984e-15],[-0.1026836306378957,-0.3473443255746331,-0.43083693503516596,-0.3124307759819583,1.7787461204840563e-16,-0.09932124525005895,-0.39011148266039253],[-0.09357156251566068,-0.40670747636206994,2.0924259944264816,-0.2499706330733184,1.4206857990392984e-15,-0.3901114826603931,0.40077234414904134]]}{"Structure":"Density","Data":[[1.058591095572682,-0.25314688733992974,-0.026148927509914262,0.03375925614771942,1.8550745699983418e-16,-0.0030508945226054435,0.021828587475358686],[-0.25314688733992974,1.1248915178906567,0.1733108653904732,-0.1816945496402696,-2.8060256948717966e-16,-0.05366712926765693,-0.1893364335481545],[-0.026148927509914262,0.1733108653904732,0.41311246042626076,0.08026719177900374,-3.19537414826671e-16,-0.006657649873888623,-0.4298073612652667],[0.03375925614771942,-0.1816945496402696,0.08026719177900374,0.6324956069451415,-5.281956239593017e-16,0.3666516664807317,-0.010910058286939077],[1.8550745699983418e-16,-2.8060256948717966e-16,-3.19537414826671e-16,-5.281956239593017e-16,0.9999999999999998,1.1516158788616204e-15,-3.9988051411618086e-16],[-0.0030508945226054435,-0.05366712926765693,-0.006657649873888623,0.3666516664807317,1.1516158788616204e-15,0.22579788856765484,0.051577201749046384],[0.021828587475358686,-0.1893364335481545,-0.4298073612652667,-0.010910058286939077,-3.9988051411618086e-16,0.051577201749046384,0.4560313887240287]]}{"Structure":"Coeff","Data":[[0.9943944645139275,0.024294340220388812,-0.00042327595416567776,0.003087667378036455,-4.5634615355676313e-17,-0.0045483970593011335,-0.0048821488027810805],[0.02413824750799777,0.02624066906096459,0.6193062395454887,0.061977270241906406,1.106989771466932e-15,-0.06501444204074872,-0.6554909074963159],[0.25029475831383374,-0.9795729864788832,-0.17027890771143234,-0.1357709779758741,-3.4025514612734654e-15,-0.13367449198375536,0.14914908010636352],[-0.08087412122925096,0.4050302388365432,-0.024024081925324247,-0.7811601198014019,-4.030418124770187e-15,-0.4513108165896989,-0.06398261826604182],[7.298497444298399e-16,-2.0091483397437746e-15,-1.6813322449249088e-15,-4.20703256837295e-15,0.9999999999999999,-1.050426996274198e-15,5.75129136922887e-16],[-0.08521487338001628,0.5248927510707051,0.0954083057099986,0.6727195509584849,1.1906789488961817e-15,-1.0196684377967364,-0.1501030239652511],[0.03852874124894189,-0.25108379940130576,0.8897029357618879,-0.1623578146679323,2.5340616844983094e-16,-0.33074163039612714,0.9467572715094618]]}