{"Calculation":"sto3g-water"}{"Structure":"Fock","Data":[[-20.064193610703498,-2.6807367062319125,0.04068281728703018,-0.04479924647804471,2.2095873412477096e-16,-0.10268363063789537,-0.09357156251566102],[-2.680736706231913,-1.551630516701048,-0.31544871296354005,0.05401816114247721,-3.7357699720840565e-16,-0.34734432557463185,-0.4067074763620691],[0.04068281728703027,-0.3154487129635399,0.3868982712410246,-0.22475169693041636,9.214237951316925e-17,-0.43083693503516785,2.092425994426482],[-0.044799246478044646,0.054018161142477386,-0.2247516969304164,-0.38768050571724577,-5.625958093374744e-16,-0.3124307759819572,-0.24997063307331852],[2.2095873412477096e-16,-3.7357699720840555e-16,9.21423795131692e-17,-5.625958093374747e-16,-0.5965520064160987,2.002888844432335e-16,1.399595843700425e-15],[-0.10268363063789593,-0.3473443255746321,-0.4308369350351672,-0.3124307759819568,2.002888844432337e-16,-0.09932124525005936,-0.39011148266039347],[-0.09357156251566079,-0.4067074763620689,2.0924259944264825,-0.24997063307331796,1.399595843700425e-15,-0.3901114826603935,0.400772344149041]]}{"Structure":"Density","Data":[[1.058591095572682,-0.2531468873399298,-0.02614892750991424,0.03375925614771937,-1.1211671928422837e-16,-0.0030508945226054504,0.021828587475358735],[-0.2531468873399298,1.124891517890657,0.17331086539047336,-0.181694549640269,5.504381423670887e-16,-0.05366712926765635,-0.18933643354815483],[-0.02614892750991424,0.17331086539047336,0.41311246042626054,0.08026719177900418,-1.7211828354601658e-16,-0.006657649873888652,-0.4298073612652669],[0.03375925614771937,-0.181694549640269,0.08026719177900418,0.6324956069451438,5.116244348819819e-16,0.3666516664807313,-0.010910058286939361],[-1.1211671928422837e-16,5.504381423670887e-16,-1.7211828354601658e-16,5.116244348819819e-16,1.0,-4.903163599308281e-16,-6.144258484056939e-16],[-0.0030508945226054504,-0.05366712926765635,-0.006657649873888652,0.3666516664807313,-4.903163599308281e-16,0.22579788856765354,0.0515772017490464],[0.021828587475358735,-0.18933643354815483,-0.4298073612652669,-0.010910058286939361,-6.144258484056939e-16,0.0515772017490464,0.45603138872402954]]}{"Structure":"Coeff","Data":[[0.9943944645139275,0.02429434022038883,-0.00042327595416563027,0.00308766737803649,6.602807993935364e-17,-0.004548397059301078,-0.0048821488027810805],[-0.024138247507997077,-0.026240669060967475,-0.6193062395454889,-0.06197727024190681,-9.069578187262587e-16,0.06501444204074858,0.6554909074963169],[0.2502947583138339,-0.9795729864788837,-0.17027890771143075,-0.13577097797587417,-4.809296650776512e-16,-0.13367449198375503,0.14914908010636202],[-0.0808741212292508,0.4050302388365421,-0.024024081925324674,-0.7811601198014033,-3.007500907600248e-15,-0.45131081658969757,-0.06398261826604151],[-3.225218674979128e-16,1.2720579563555318e-15,-8.879195978393403e-16,-1.9594262679447304e-15,1.0,-1.8526564006297156e-15,-1.4029845120008035e-16],[-0.08521487338001625,0.5248927510707057,0.095408305709998,0.6727195509584831,-4.674451956735795e-16,-1.0196684377967373,-0.15010302396525146],[0.038528741248941845,-0.2510837994013054,0.8897029357618879,-0.16235781466793203,2.3215185336620753e-16,-0.3307416303961274,0.9467572715094613]]}