<<<<<<< HEAD
{"Calculation":"sto3g-water"}{"Structure":"Fock","Data":[[-26.3877697254198,-1.1911404987623004,0.026762261060937084,0.06608983109344649,-0.01193470600676112,-0.3610262421263602,-0.2352819936079657],[-1.1911404987623002,-6.152250355609079,-0.039272861510188495,-0.6611766904727371,-0.0262373010966676,0.7569694989974204,1.193801454877509],[0.026762261060937112,-0.039272861510188516,-4.9548039574216105,-0.27533818875532506,1.12795495057381,0.807655792168484,0.3887143285881155],[0.0660898310934465,-0.6611766904727372,-0.27533818875532506,-5.718370411280589,-0.3377411524548358,0.5317369266753604,1.0849521615121525],[-0.01193470600676112,-0.026237301096667595,1.1279549505738098,-0.3377411524548358,-0.11017898654095862,-0.15760635181483618,0.24053732938096722],[-0.36102624212636025,0.7569694989974204,0.8076557921684838,0.5317369266753604,-0.15760635181483615,-2.5697322382067416,0.08320892760989074],[-0.23528199360796576,1.1938014548775093,0.38871432858811494,1.0849521615121525,0.2405373293809672,0.0832089276098908,-2.6704872003056748]]}{"Structure":"Density","Data":[[1.0656842135078233,-0.3062148845431023,0.008625113042947094,-0.026237353543536273,-0.0019954829107689752,0.09321937144080934,0.09854546444846404],[-0.3062148845431023,1.4623267177303652,-0.005375726373675487,0.20883843955266543,0.00796720549880279,-0.524153708216443,-0.5272729504214081],[0.008625113042947094,-0.005375726373675487,1.109647088548255,-0.0021838574656355275,-0.22620226589365472,-0.49682905019507667,0.2278149878180308],[-0.026237353543536273,0.20883843955266543,-0.0021838574656355275,1.0990181811755653,0.07043361477704489,-0.31827272923123395,-0.31753781096224093],[-0.0019954829107689752,0.00796720549880279,-0.22620226589365472,0.07043361477704489,0.05079458450068242,0.09398025350208841,-0.0755421217946306],[0.09321937144080934,-0.524153708216443,-0.49682905019507667,-0.31827272923123395,0.09398025350208841,1.074049125076268,-0.4681435613834594],[0.09854546444846404,-0.5272729504214081,0.2278149878180308,-0.31753781096224093,-0.0755421217946306,-0.4681435613834594,0.906625267767931]]}{"Structure":"Coeff","Data":[[-1.0143430764695986,0.07465158730631788,0.003061758949207993,0.00788821751560565,-0.0005762581173389998,-0.02139871723878732,-0.013256696813947144],[0.14458844045658076,-0.9719811369089224,-0.18254795249849926,-0.7090670802799184,-0.005957616366515837,0.4642693918699623,0.5413492526099558],[0.09593022988833577,-0.5223922594816801,0.8736973337929477,0.2876189254947507,-0.15616293646205576,-0.23586623119846797,0.2319987161962647],[0.08152070818772175,-0.4828924233229668,-0.555311941833311,0.7051432716914966,0.16117961507798903,0.26644436613787614,-0.13340936717322188],[-0.006187466564775101,0.07699196365302419,0.06779067339545936,0.1273897678338442,-0.019824938672118805,-0.8552307714781514,0.7360496252902258],[-0.040569074194630766,0.03318385081280548,0.19578907159735068,0.09242206957194082,-0.11261795852600967,0.5474914883026909,0.6663874064360751],[0.0026591034672606446,0.004371115863513821,-0.2565269382010985,0.06202613200212363,-0.9677409833817886,0.033400341965594466,-0.15560910789234736]]}
=======
{"Calculation":"sto3g-water"}{"Structure":"Fock","Data":[[-20.064193610703498,-2.6807367062319125,0.04068281728703018,-0.04479924647804471,2.2095873412477096e-16,-0.10268363063789537,-0.09357156251566102],[-2.680736706231913,-1.551630516701048,-0.31544871296354005,0.05401816114247721,-3.7357699720840565e-16,-0.34734432557463185,-0.4067074763620691],[0.04068281728703027,-0.3154487129635399,0.3868982712410246,-0.22475169693041636,9.214237951316925e-17,-0.43083693503516785,2.092425994426482],[-0.044799246478044646,0.054018161142477386,-0.2247516969304164,-0.38768050571724577,-5.625958093374744e-16,-0.3124307759819572,-0.24997063307331852],[2.2095873412477096e-16,-3.7357699720840555e-16,9.21423795131692e-17,-5.625958093374747e-16,-0.5965520064160987,2.002888844432335e-16,1.399595843700425e-15],[-0.10268363063789593,-0.3473443255746321,-0.4308369350351672,-0.3124307759819568,2.002888844432337e-16,-0.09932124525005936,-0.39011148266039347],[-0.09357156251566079,-0.4067074763620689,2.0924259944264825,-0.24997063307331796,1.399595843700425e-15,-0.3901114826603935,0.400772344149041]]}{"Structure":"Density","Data":[[1.058591095572682,-0.2531468873399298,-0.02614892750991424,0.03375925614771937,-1.1211671928422837e-16,-0.0030508945226054504,0.021828587475358735],[-0.2531468873399298,1.124891517890657,0.17331086539047336,-0.181694549640269,5.504381423670887e-16,-0.05366712926765635,-0.18933643354815483],[-0.02614892750991424,0.17331086539047336,0.41311246042626054,0.08026719177900418,-1.7211828354601658e-16,-0.006657649873888652,-0.4298073612652669],[0.03375925614771937,-0.181694549640269,0.08026719177900418,0.6324956069451438,5.116244348819819e-16,0.3666516664807313,-0.010910058286939361],[-1.1211671928422837e-16,5.504381423670887e-16,-1.7211828354601658e-16,5.116244348819819e-16,1.0,-4.903163599308281e-16,-6.144258484056939e-16],[-0.0030508945226054504,-0.05366712926765635,-0.006657649873888652,0.3666516664807313,-4.903163599308281e-16,0.22579788856765354,0.0515772017490464],[0.021828587475358735,-0.18933643354815483,-0.4298073612652669,-0.010910058286939361,-6.144258484056939e-16,0.0515772017490464,0.45603138872402954]]}{"Structure":"Coeff","Data":[[0.9943944645139275,0.02429434022038883,-0.00042327595416563027,0.00308766737803649,6.602807993935364e-17,-0.004548397059301078,-0.0048821488027810805],[-0.024138247507997077,-0.026240669060967475,-0.6193062395454889,-0.06197727024190681,-9.069578187262587e-16,0.06501444204074858,0.6554909074963169],[0.2502947583138339,-0.9795729864788837,-0.17027890771143075,-0.13577097797587417,-4.809296650776512e-16,-0.13367449198375503,0.14914908010636202],[-0.0808741212292508,0.4050302388365421,-0.024024081925324674,-0.7811601198014033,-3.007500907600248e-15,-0.45131081658969757,-0.06398261826604151],[-3.225218674979128e-16,1.2720579563555318e-15,-8.879195978393403e-16,-1.9594262679447304e-15,1.0,-1.8526564006297156e-15,-1.4029845120008035e-16],[-0.08521487338001625,0.5248927510707057,0.095408305709998,0.6727195509584831,-4.674451956735795e-16,-1.0196684377967373,-0.15010302396525146],[0.038528741248941845,-0.2510837994013054,0.8897029357618879,-0.16235781466793203,2.3215185336620753e-16,-0.3307416303961274,0.9467572715094613]]}
>>>>>>> development
