<<<<<<< HEAD
{"Calculation":"sto3g-water"}{"Structure":"Fock","Data":[[-32.254586617710174,-2.791490942196648,3.4243441415782172e-15,0.008610981194658016,1.6766218741173223e-16,-0.18129665037200987,-0.18129665037200565],[-2.791490942196647,-8.236889124504396,5.384581669432009e-15,-0.22829257340462064,-1.1082165194074589e-15,-0.38579868259380967,-0.38579868259379346],[3.4416913763379853e-15,5.440092820663267e-15,-7.542889038317313,1.4432899320127035e-15,-3.900025670998282e-17,-0.113212060226803,0.11321206022680419],[0.008610981194658043,-0.22829257340462047,1.4155343563970746e-15,-7.457029489953446,-1.1682610095619173e-15,-0.11021959970707013,-0.11021959970707046],[1.6766218741173228e-16,-1.1082165194074589e-15,-3.900025670998284e-17,-1.1682610095619171e-15,-7.347144867731366,2.6945865236901836e-16,2.631626825899984e-15],[-0.18129665037201023,-0.3857986825938098,-0.11321206022680275,-0.11021959970706982,2.694586523690183e-16,-4.032954696229745,-0.04464659845313931],[-0.18129665037200593,-0.3857986825937938,0.1132120602268043,-0.1102195997070704,2.6316268258999833e-15,-0.04464659845313934,-4.0329546962297425]]}{"Structure":"Density","Data":[[1.065011714327751,-0.28521658544198775,-3.562135948763673e-16,-0.0195533696763944,-3.832248982991467e-16,0.03344955980762794,0.033449559807628884],[-0.28521658544198775,1.248965698477248,2.3267427589627715e-16,0.11355938709570529,1.6756769166501095e-16,-0.14428093241128903,-0.14428093241129586],[-3.562135948763673e-16,2.3267427589627715e-16,1.1258700552266883,-3.4940358063885145e-15,-4.884702602359804e-16,-0.1461316510482763,0.14613165104827736],[-0.0195533696763944,0.11355938709570529,-3.4940358063885145e-15,1.0660637654500522,1.6173057222945844e-16,-0.09935832000160108,-0.09935832000160189],[-3.832248982991467e-16,1.6756769166501095e-16,-4.884702602359804e-16,1.6173057222945844e-16,0.9999999999999996,1.3110005478109493e-15,-1.2590139413335108e-15],[0.03344955980762794,-0.14428093241128903,-0.1461316510482763,-0.09935832000160108,1.3110005478109493e-15,0.042680160429604395,0.004746014585757],[0.033449559807628884,-0.14428093241129586,0.14613165104827736,-0.09935832000160189,-1.2590139413335108e-15,0.004746014585757,0.04268016042960614]]}{"Structure":"Coeff","Data":[[-1.001543579843199,0.007189331234532215,1.4029576111962427e-16,0.0002671299942949197,2.949263636852573e-16,-0.0018213487733121298,-0.0018213487733116105],[0.23362445803733561,-1.0579387721703448,1.0526302052227265e-14,-0.42728428290910453,-4.971496438082477e-15,0.1492533088361866,0.1492533088361949],[2.4371780635301654e-15,-1.0361503322009469e-14,-1.0610702404773626,-1.8648277366750676e-15,3.814731809676694e-15,0.13772099666326995,-0.13772099666326792],[0.08568421447023757,-0.36011049183875693,-1.0373646386341306e-15,0.9399424640213201,3.9154220969038793e-14,-0.03785789214649755,-0.03785789214649521],[2.2812787981683163e-15,-9.005754301516435e-15,-3.559228138414407e-15,3.876530543645319e-14,-0.9999999999999998,-3.010477612527041e-15,-1.4912004570460295e-15],[0.04822260665218741,-0.46312125179241936,-1.2101430968414206e-14,-0.21294012238331336,-3.31436491606147e-16,0.7807003063929708,0.7807003063929031],[1.4589024432964948e-15,-1.6209256159527285e-14,0.2965071059879463,-8.56259507742152e-15,1.3883394529991278e-15,-0.8501402877477915,0.850140287747853]]}
=======
{"Calculation":"sto3g-water"}{"Structure":"Fock","Data":[[-20.064193610703505,-2.6807367062319125,0.040682817287030215,-0.04479924647804481,3.654368283558985e-17,-0.10268363063789536,-0.09357156251566047],[-2.680736706231913,-1.551630516701049,-0.31544871296353993,0.05401816114247805,-3.615714917761559e-16,-0.34734432557463246,-0.40670747636207066],[0.04068281728703016,-0.3154487129635394,0.3868982712410205,-0.22475169693041597,1.282152925130939e-16,-0.4308369350351676,2.0924259944264816],[-0.044799246478044716,0.054018161142478066,-0.22475169693041624,-0.3876805057172444,-5.061503160508699e-16,-0.31243077598195806,-0.24997063307331904],[3.6543682835589885e-17,-3.61571491776156e-16,1.2821529251309386e-16,-5.061503160508698e-16,-0.5965520064160996,1.7787461204840575e-16,1.4206857990392984e-15],[-0.1026836306378957,-0.3473443255746331,-0.43083693503516596,-0.3124307759819583,1.7787461204840563e-16,-0.09932124525005895,-0.39011148266039253],[-0.09357156251566068,-0.40670747636206994,2.0924259944264816,-0.2499706330733184,1.4206857990392984e-15,-0.3901114826603931,0.40077234414904134]]}{"Structure":"Density","Data":[[1.058591095572682,-0.25314688733992974,-0.026148927509914262,0.03375925614771942,1.8550745699983418e-16,-0.0030508945226054435,0.021828587475358686],[-0.25314688733992974,1.1248915178906567,0.1733108653904732,-0.1816945496402696,-2.8060256948717966e-16,-0.05366712926765693,-0.1893364335481545],[-0.026148927509914262,0.1733108653904732,0.41311246042626076,0.08026719177900374,-3.19537414826671e-16,-0.006657649873888623,-0.4298073612652667],[0.03375925614771942,-0.1816945496402696,0.08026719177900374,0.6324956069451415,-5.281956239593017e-16,0.3666516664807317,-0.010910058286939077],[1.8550745699983418e-16,-2.8060256948717966e-16,-3.19537414826671e-16,-5.281956239593017e-16,0.9999999999999998,1.1516158788616204e-15,-3.9988051411618086e-16],[-0.0030508945226054435,-0.05366712926765693,-0.006657649873888623,0.3666516664807317,1.1516158788616204e-15,0.22579788856765484,0.051577201749046384],[0.021828587475358686,-0.1893364335481545,-0.4298073612652667,-0.010910058286939077,-3.9988051411618086e-16,0.051577201749046384,0.4560313887240287]]}{"Structure":"Coeff","Data":[[0.9943944645139275,0.024294340220388812,-0.00042327595416567776,0.003087667378036455,-4.5634615355676313e-17,-0.0045483970593011335,-0.0048821488027810805],[0.02413824750799777,0.02624066906096459,0.6193062395454887,0.061977270241906406,1.106989771466932e-15,-0.06501444204074872,-0.6554909074963159],[0.25029475831383374,-0.9795729864788832,-0.17027890771143234,-0.1357709779758741,-3.4025514612734654e-15,-0.13367449198375536,0.14914908010636352],[-0.08087412122925096,0.4050302388365432,-0.024024081925324247,-0.7811601198014019,-4.030418124770187e-15,-0.4513108165896989,-0.06398261826604182],[7.298497444298399e-16,-2.0091483397437746e-15,-1.6813322449249088e-15,-4.20703256837295e-15,0.9999999999999999,-1.050426996274198e-15,5.75129136922887e-16],[-0.08521487338001628,0.5248927510707051,0.0954083057099986,0.6727195509584849,1.1906789488961817e-15,-1.0196684377967364,-0.1501030239652511],[0.03852874124894189,-0.25108379940130576,0.8897029357618879,-0.1623578146679323,2.5340616844983094e-16,-0.33074163039612714,0.9467572715094618]]}
>>>>>>> development
