{"Core Hamiltonian":[[-32.57739541261033,-7.578832816647488,0.0,-0.014473835903318,0.0,-1.240102256333302,-1.240102256333303],[-7.578832816647488,-9.20094327192934,0.0,-0.176890246723779,0.0,-2.906709830220527,-2.906709830220527],[0.0,0.0,-7.458819309224371,0.0,0.0,-1.6751501447186712,1.675150144718672],[-0.014473835903318,-0.176890246723779,0.0,-7.415311754245677,0.0,-1.3568682579595641,-1.3568682579595641],[0.0,0.0,0.0,0.0,-7.347144867731366,0.0,1.0e-15],[-1.240102256333302,-2.906709830220527,-1.6751501447186712,-1.3568682579595641,0.0,-4.540171070273183,-1.071145883317951],[-1.240102256333303,-2.906709830220527,1.675150144718672,-1.3568682579595641,1.0e-15,-1.071145883317951,-4.540171070273184]]}{"Orthogonalization Matrix":[[1.0236345786437149,-0.13685468056658898,2.5165040589923306e-17,-0.007487256134000385,8.105296429491435e-17,0.01902788647731445,0.019027886477314387],[-0.13685468056658895,1.1578631969246134,-6.240443341883437e-16,0.07216006803679541,2.5285808316299833e-17,-0.2223325555721434,-0.22233255557214485],[2.5165040589923072e-17,-6.240443341883437e-16,1.0733147513478078,-1.6605414257584345e-16,-7.05001599658901e-17,-0.1757583051625568,0.1757583051625566],[-0.007487256134000455,0.07216006803679552,-1.6605414257584348e-16,1.0383050470597082,5.736415648505656e-17,-0.1184625594808727,-0.118462559480873],[8.105296429491414e-17,2.528580831629982e-17,-7.05001599658901e-17,5.73641564850567e-17,1.0,-6.078018439349695e-17,-8.210291087452071e-17],[0.019027886477314446,-0.2223325555721434,-0.17575830516255678,-0.11846255948087275,-6.078018439349698e-17,1.129723419146232,-0.06259751075499285],[0.019027886477314404,-0.22233255557214487,0.1757583051625567,-0.11846255948087302,-8.210291087452078e-17,-0.06259751075499284,1.129723419146232]]}{"Initial Fock Matrix":[[-32.25458661771016,-2.791490942196652,3.046961850003518e-15,0.008610981194659488,-3.22711494344796e-15,-0.1812966503720168,-0.1812966503720067],[-2.791490942196649,-8.236889124504398,8.362641237505598e-15,-0.22829257340461928,-6.395449401747644e-16,-0.38579868259381,-0.3857986825937929],[3.0603237610857883e-15,8.412145435533966e-15,-7.542889038317311,2.2705249336217913e-15,1.1912832256478762e-15,-0.11321206022679788,0.113212060226802],[0.008610981194659549,-0.22829257340461914,2.27614080952415e-15,-7.45702948995345,-8.334579446253313e-16,-0.11021959970707224,-0.11021959970706906],[-3.227114943447961e-15,-6.395449401747642e-16,1.1912832256478762e-15,-8.334579446253314e-16,-7.347144867731366,6.293482693881385e-16,1.9571915098471194e-15],[-0.18129665037201714,-0.3857986825938105,-0.11321206022679837,-0.11021959970707233,6.293482693881384e-16,-4.032954696229748,-0.044646598453139],[-0.18129665037200698,-0.38579868259379246,0.11321206022680207,-0.11021959970706921,1.9571915098471194e-15,-0.044646598453138966,-4.032954696229744]]}{"Initial Density Matrix":[[1.0650117143277504,-0.2852165854419875,2.976757223031335e-16,-0.019553369676394497,1.8965194723015463e-16,0.033449559807627795,0.03344955980762904],[-0.2852165854419875,1.2489656984772468,-2.0885210382132684e-15,0.11355938709570484,3.8149706221489987e-16,-0.14428093241128817,-0.14428093241129616],[2.976757223031335e-16,-2.0885210382132684e-15,1.1258700552266887,-4.2771521106073255e-16,-1.544721546815502e-16,-0.1461316510482792,0.1461316510482784],[-0.019553369676394497,0.11355938709570484,-4.2771521106073255e-16,1.0660637654500522,2.1664026237700225e-16,-0.09935832000160007,-0.09935832000160186],[1.8965194723015463e-16,3.8149706221489987e-16,-1.544721546815502e-16,2.1664026237700225e-16,1.0,-4.986425307650222e-16,-7.630791166882822e-16],[0.033449559807627795,-0.14428093241128817,-0.1461316510482792,-0.09935832000160007,-4.986425307650222e-16,0.0426801604296048,0.00474601458575637],[0.03344955980762904,-0.14428093241129616,0.1461316510482784,-0.09935832000160186,-7.630791166882822e-16,0.00474601458575637,0.042680160429606484]]}{"Fock Matrix":[[-18.70622228897703,-4.848290182273162,-0.002264477718318697,-0.010781827271915876,-2.2799609822011086e-16,-0.8028383804244599,-0.8036621743085817],[-4.848290182273163,-1.7049639124636258,0.007569249356920885,-0.17492748826992882,2.2480084672622485e-17,-0.5531952437102405,-0.5505570774635102],[-0.0022644777183186966,0.007569249356920875,0.2450928992851562,0.01364879236536865,1.6705047323585706e-16,-0.1579152304181366,1.6606588575535823],[-0.01078182727191587,-0.17492748826992882,0.013648792365368652,0.3295121386248159,-5.381616209541776e-18,-0.1680679806072709,-0.16213079370768724],[-2.279960982201108e-16,2.248008467262251e-17,1.6705047323585706e-16,-5.381616209541798e-18,0.39860790550116487,1.9024718788628011e-16,1.2572891302907983e-15],[-0.8028383804244597,-0.5531952437102401,-0.15791523041813682,-0.1680679806072709,1.902471878862801e-16,-0.10200358055671277,-0.17739826612944742],[-0.8036621743085814,-0.5505570774635107,1.6606588575535823,-0.16213079370768724,1.2572891302907983e-15,-0.1773982661294473,-0.07711899870864869]],"Density Matrix":[[1.0650117143277504,-0.2852165854419875,2.976757223031335e-16,-0.019553369676394497,1.8965194723015463e-16,0.033449559807627795,0.03344955980762904],[-0.2852165854419875,1.2489656984772468,-2.0885210382132684e-15,0.11355938709570484,3.8149706221489987e-16,-0.14428093241128817,-0.14428093241129616],[2.976757223031335e-16,-2.0885210382132684e-15,1.1258700552266887,-4.2771521106073255e-16,-1.544721546815502e-16,-0.1461316510482792,0.1461316510482784],[-0.019553369676394497,0.11355938709570484,-4.2771521106073255e-16,1.0660637654500522,2.1664026237700225e-16,-0.09935832000160007,-0.09935832000160186],[1.8965194723015463e-16,3.8149706221489987e-16,-1.544721546815502e-16,2.1664026237700225e-16,1.0,-4.986425307650222e-16,-7.630791166882822e-16],[0.033449559807627795,-0.14428093241128817,-0.1461316510482792,-0.09935832000160007,-4.986425307650222e-16,0.0426801604296048,0.00474601458575637],[0.03344955980762904,-0.14428093241129616,0.1461316510482784,-0.09935832000160186,-7.630791166882822e-16,0.00474601458575637,0.042680160429606484]],"SCF Iteration":1}{"Fock Matrix":[[-20.974116658345366,-5.31454246238204,0.01877220426537668,-0.01401859681622125,-1.3728270327569449e-16,-0.875718393920956,-0.8744565039349477],[-5.31454246238204,-2.87936328694017,0.08238914135673246,-0.06362856699618419,6.723084272102882e-17,-0.8783219375991091,-0.911224131471501],[0.018772204265376673,0.08238914135673246,-0.5830763892596904,-0.02985320127157342,3.543429151033964e-16,-0.30700000285902695,1.7448555215228472],[-0.014018596816221248,-0.06362856699618416,-0.029853201271573447,-0.5216723888686188,-1.6969590543135356e-15,-0.39672820993961944,-0.28463620100334097],[-1.3728270327569449e-16,6.723084272102872e-17,3.543429151033964e-16,-1.6969590543135356e-15,-0.8875777807864456,5.402727172411355e-16,9.750460740391176e-16],[-0.8757183939209559,-0.8783219375991091,-0.30700000285902695,-0.3967282099396199,5.402727172411354e-16,-0.512610846321385,-0.3241036872523362],[-0.8744565039349479,-0.9112241314715006,1.7448555215228472,-0.2846362010033412,9.750460740391176e-16,-0.3241036872523362,-0.6171264846216347]],"Density Matrix":[[1.0633715726911859,-0.2813008168687127,-0.03248326122237803,0.021060826550415565,2.846251603464773e-17,0.049277366247070145,0.02681383364009112],[-0.2813008168687127,1.2894927100201077,0.20419537426081022,-0.13186047489646133,1.1893199095729144e-15,-0.35082539262323964,-0.22181230921976303],[-0.03248326122237803,0.20419537426081022,0.3907715083397479,0.04421608337051204,-2.940379539650028e-17,-0.03181666381539297,-0.43254852203082356],[0.021060826550415565,-0.13186047489646133,0.04421608337051204,0.20927083266664215,3.1763191243143482e-15,0.37904787964857667,-0.010493082562657137],[2.846251603464773e-17,1.1893199095729144e-15,-2.940379539650028e-17,3.1763191243143482e-15,0.9999999999999998,-2.4693973922557094e-15,-7.833971765046567e-16],[0.049277366247070145,-0.35082539262323964,-0.03181666381539297,0.37904787964857667,-2.4693973922557094e-15,0.721298524319866,0.1059293107595201],[0.02681383364009112,-0.22181230921976303,-0.43254852203082356,-0.010493082562657137,-7.833971765046567e-16,0.1059293107595201,0.48711288134593483]],"SCF Iteration":2}{"Fock Matrix":[[-20.39925244241082,-5.1992444006830505,0.012298870825284441,-0.01935148991405608,-9.542074312179838e-17,-0.8580021064117439,-0.8568284243901048],[-5.1992444006830505,-2.6072038015861967,0.02975561128707474,-0.10885522014646791,2.55678300940203e-17,-0.8481198526971849,-0.832255802239434],[0.012298870825284438,0.029755611287074754,-0.31652203596091333,-0.057459380114008266,3.862191766193496e-16,-0.28507773615368026,1.7457517287751014],[-0.01935148991405608,-0.1088552201464679,-0.05745938011400826,-0.4730624073591958,-5.780445100362853e-16,-0.4104267092868359,-0.29759156204421533],[-9.542074312179838e-17,2.5567830094020323e-17,3.862191766193496e-16,-5.780445100362854e-16,-0.5781858645529647,4.453441537131851e-16,1.1384968143259989e-15],[-0.8580021064117438,-0.8481198526971845,-0.28507773615368137,-0.410426709286836,4.453441537131851e-16,-0.5013793188622264,-0.3078312481204709],[-0.8568284243901051,-0.8322558022394335,1.7457517287751014,-0.29759156204421555,1.138496814325999e-15,-0.30783124812047125,-0.5100974904016065]],"Density Matrix":[[1.060646783883299,-0.26352139232513355,-0.025183108741592925,0.02651719468766222,6.489764721559958e-18,0.00935288447249694,0.024669329483079573],[-0.26352139232513355,1.1736859976519824,0.16933776904133624,-0.15788501345444222,9.290204505757886e-16,-0.10281178817928341,-0.1968462587906268],[-0.025183108741592925,0.16933776904133624,0.43887627020218467,0.08083554340694495,-2.7178983801600807e-16,-0.009270760762977597,-0.42824619865684216],[0.02651719468766222,-0.15788501345444222,0.08083554340694495,0.6116576066390652,1.279179197632994e-15,0.3742323922917612,-0.0003812718131377263],[6.489764721559958e-18,9.290204505757886e-16,-2.7178983801600807e-16,1.279179197632994e-15,1.0,-1.5568205418202956e-15,-7.459292098361933e-16],[0.00935288447249694,-0.10281178817928341,-0.009270760762977597,0.3742323922917612,-1.5568205418202956e-15,0.2374376116120069,0.05840234758660997],[0.024669329483079573,-0.1968462587906268,-0.42824619865684216,-0.0003812718131377263,-7.459292098361933e-16,0.05840234758660997,0.4282729927556762]],"SCF Iteration":3}{"Fock Matrix":[[-20.449634674980086,-5.210171041737688,0.013465515544305542,-0.02144227229576161,-1.2671982113245822e-16,-0.8594302832363447,-0.8585748869196008],[-5.210171041737686,-2.6266778572274934,0.02738714432782409,-0.10233516681868744,1.7870812390657182e-18,-0.8612129215416462,-0.8386718871019374],[0.013465515544305551,0.027387144327824076,-0.3262472616518206,-0.0571856981347409,2.7650046694273285e-16,-0.2901106121213526,1.7446587982761206],[-0.021442272295761608,-0.1023351668186875,-0.0571856981347409,-0.498329328783389,6.51988521109917e-17,-0.41195899665653457,-0.29647664595474477],[-1.2671982113245822e-16,1.7870812390657305e-18,2.7650046694273275e-16,6.51988521109917e-17,-0.6032113789789033,-7.282479336412148e-17,1.1795722214076335e-15],[-0.8594302832363448,-0.8612129215416462,-0.29011061212135236,-0.41195899665653446,-7.282479336412143e-17,-0.5154607601637737,-0.3121584764554841],[-0.858574886919601,-0.8386718871019361,1.7446587982761206,-0.296476645954745,1.1795722214076335e-15,-0.31215847645548367,-0.5191696602964608]],"Density Matrix":[[1.0592438981781374,-0.2565452584682294,-0.026337916360010906,0.03222216083883413,1.31967920129601e-16,0.0013454879810720285,0.022768499986992388],[-0.2565452584682294,1.1419147834947398,0.17440256689930408,-0.17739678803672349,-7.59170679249215e-17,-0.07354216099700295,-0.19335861733071624],[-0.026337916360010906,0.17440256689930408,0.414111618996453,0.08034180345538414,-5.333373799111942e-16,-0.007654732180738661,-0.4299881509192583],[0.03222216083883413,-0.17739678803672349,0.08034180345538414,0.6150674993236435,-1.0170412396234075e-16,0.37427646688130944,-0.009346150571018709],[1.31967920129601e-16,-7.59170679249215e-17,-5.333373799111942e-16,-1.0170412396234075e-16,1.0,4.888306087146222e-16,-4.870358116747624e-16],[0.0013454879810720285,-0.07354216099700295,-0.007654732180738661,0.37427646688130944,4.888306087146222e-16,0.23961550342693422,0.05529156699354873],[0.022768499986992388,-0.19335861733071624,-0.4299881509192583,-0.009346150571018709,-4.870358116747624e-16,0.05529156699354873,0.4558546331349706]],"SCF Iteration":4}{"Fock Matrix":[[-20.44017099685147,-5.2084772073103185,0.01348594483299853,-0.021876269992982436,-2.2213353922889046e-16,-0.8590985704512561,-0.858316542318176],[-5.208477207310318,-2.621021868429655,0.02571055913627919,-0.10257858369490497,-1.7419597033288232e-17,-0.8625170104582911,-0.8373558355834136],[0.013485944832998533,0.025710559136279176,-0.32110530897734524,-0.05665653030258166,2.2012064130754247e-16,-0.2901640251749005,1.7446315088707223],[-0.02187626999298244,-0.10257858369490502,-0.05665653030258166,-0.49957580067734497,-1.2591169971955903e-16,-0.4106252155670935,-0.2964711707629242],[-2.221335392288905e-16,-1.7419597033288225e-17,2.2012064130754245e-16,-1.25911699719559e-16,-0.597728089543403,6.185593950999657e-17,1.1122650427909766e-15],[-0.8590985704512559,-0.8625170104582902,-0.29016402517490025,-0.41062521556709375,6.185593950999656e-17,-0.5166541162717673,-0.3120257838484507],[-0.858316542318176,-0.8373558355834136,1.7446315088707223,-0.29647117076292373,1.1122650427909766e-15,-0.31202578384845037,-0.5179165251275055]],"Density Matrix":[[1.0588197055070956,-0.2543228408405285,-0.0261990836467946,0.03317433190211844,1.947718562688785e-16,-0.0015873720950047368,0.022157331053449972],[-0.2543228408405285,1.130689413583502,0.1736261068180758,-0.17993571666694805,2.0773550072248824e-16,-0.06008856043121004,-0.19067795538432591],[-0.0261990836467946,0.1736261068180758,0.41401964415574455,0.0804616637698254,-3.1356112249534297e-16,-0.0071905629316124115,-0.42988558069836075],[0.03317433190211844,-0.17993571666694805,0.0804616637698254,0.6276245762747922,2.8696853245433114e-16,0.3688154286341784,-0.010388097166678066],[1.947718562688785e-16,2.0773550072248824e-16,-3.1356112249534297e-16,2.8696853245433114e-16,1.0,-1.3634349948738904e-16,-4.1573299718737157e-16],[-0.0015873720950047368,-0.06008856043121004,-0.0071905629316124115,0.3688154286341784,-1.3634349948738904e-16,0.2294485582678082,0.05288370688429586],[0.022157331053449972,-0.19067795538432591,-0.42988558069836075,-0.010388097166678066,-4.1573299718737157e-16,0.05288370688429586,0.45537489203212095]],"SCF Iteration":5}{"Fock Matrix":[[-20.439220527886526,-5.208362884388295,0.013515578095911756,-0.02203823392666183,-3.562265306385647e-16,-0.8590572419561184,-0.8583028989072896],[-5.208362884388295,-2.6200963119059297,0.025254607010345778,-0.10246128491852849,-2.647029710330284e-17,-0.8631926407523207,-0.8372021746273326],[0.013515578095911758,0.025254607010345778,-0.3201582729474328,-0.056446114373863036,1.5806480291371465e-16,-0.2903629040298741,1.7445904988288794],[-0.02203823392666182,-0.10246128491852848,-0.05644611437386305,-0.5005400175382437,2.310586353118173e-16,-0.41029785018389553,-0.2964667598145416],[-3.5622653063856467e-16,-2.647029710330282e-17,1.580648029137147e-16,2.3105863531181734e-16,-0.5970329074381748,-2.033405242907271e-16,1.1399459313383203e-15],[-0.8590572419561183,-0.8631926407523203,-0.29036290402987475,-0.41029785018389553,-2.0334052429072714e-16,-0.5173193078819374,-0.31208124812451954],[-0.8583028989072894,-0.8372021746273317,1.7445904988288794,-0.29646675981454185,1.1399459313383203e-15,-0.31208124812451954,-0.5178779156219955]],"Density Matrix":[[1.0586684885115762,-0.2535460901401239,-0.026172605237113178,0.03356692886080219,3.850729056127858e-16,-0.00255246371313389,0.021941602794048484],[-0.2535460901401239,1.1268697755857688,0.17345130237383571,-0.18111820321424332,-4.0685423100980834e-16,-0.055872876377243474,-0.18981409201785146],[-0.026172605237113178,0.17345130237383571,0.41337155403461834,0.08034601743795396,-4.45829699291243e-16,-0.006865408763235275,-0.429843735677007],[0.03356692886080219,-0.18111820321424332,0.08034601743795396,0.6307896804400532,-4.716052436741771e-16,0.3674183352199287,-0.010767648901323229],[3.850729056127858e-16,-4.0685423100980834e-16,-4.45829699291243e-16,-4.716052436741771e-16,1.0,9.465355676764451e-16,-2.6666270595350932e-16],[-0.00255246371313389,-0.055872876377243474,-0.006865408763235275,0.3674183352199287,9.465355676764451e-16,0.22709221547049857,0.05205270445739048],[0.021941602794048484,-0.18981409201785146,-0.429843735677007,-0.010767648901323229,-2.6666270595350932e-16,0.05205270445739048,0.455880439470383]],"SCF Iteration":6}{"Fock Matrix":[[-20.438733366677084,-5.208290364066631,0.013522265778406949,-0.02209075943149118,-2.2035180121037862e-16,-0.8590383180045302,-0.8582929966844646],[-5.208290364066632,-2.6197044705791157,0.02509746670746478,-0.1024377989534497,4.497164121295564e-18,-0.863401627018356,-0.8371293859402442],[0.013522265778406943,0.025097466707464794,-0.3197895011535543,-0.056366801743056964,2.1123716357042612e-16,-0.29042571356626024,1.7445789200112174],[-0.02209075943149118,-0.10243779895344966,-0.056366801743056937,-0.5008162581840345,-1.7919104685816338e-17,-0.41017240126482246,-0.2964719287041062],[-2.2035180121037871e-16,4.49716412129557e-18,2.112371635704261e-16,-1.7919104685816338e-17,-0.596708310247096,2.6445670383947798e-17,1.1206441071196267e-15],[-0.8590383180045301,-0.8634016270183569,-0.2904257135662607,-0.41017240126482246,2.6445670383947807e-17,-0.5175219035285163,-0.31208645504165256],[-0.8582929966844649,-0.8371293859402451,1.7445789200112174,-0.29647192870410644,1.1206441071196267e-15,-0.31208645504165256,-0.5178404589116843]],"Density Matrix":[[1.0586175118925338,-0.25328310405069443,-0.026157541128005984,0.033693172509138745,2.178239098597812e-16,-0.0028812837511130868,0.021867355538645907],[-0.25328310405069443,1.125566418636375,0.17336172813448122,-0.1814945523131131,-1.0874630235012778e-17,-0.05441695616213005,-0.18950100313939963],[-0.026157541128005984,0.17336172813448122,0.41320467825326146,0.08029769217016589,-3.451507891941667e-16,-0.006734792271339942,-0.4298211474857496],[0.033693172509138745,-0.1814945523131131,0.08029769217016589,0.6319247974548524,7.189186323272727e-17,0.36690882416055237,-0.010866086844215236],[2.178239098597812e-16,-1.0874630235012778e-17,-3.451507891941667e-16,7.189186323272727e-17,1.0,7.857153133556196e-17,-3.452564780441695e-16],[-0.0028812837511130868,-0.05441695616213005,-0.006734792271339942,0.36690882416055237,7.857153133556196e-17,0.22623041016226286,0.05174356980894583],[0.021867355538645907,-0.18950100313939963,-0.4298211474857496,-0.010866086844215236,-3.452564780441695e-16,0.05174356980894583,0.45597801654241077]],"SCF Iteration":7}{"Fock Matrix":[[-20.438583344126627,-5.208268857101039,0.013524501875517528,-0.022108723020648164,-1.3599113205955123e-16,-0.8590324069670625,-0.8582901587057162],[-5.208268857101038,-2.61957757258505,0.025045252607014595,-0.10242845186412387,-2.5454232372418637e-18,-0.8634742593377074,-0.8371067274825763],[0.013524501875517533,0.025045252607014623,-0.3196702840853334,-0.05633880663167408,2.0961833586332607e-16,-0.2904495065731614,1.7445746850897903],[-0.022108723020648157,-0.10242845186412387,-0.0563388066316741,-0.5009131717926563,1.6387911134446587e-16,-0.41013028300933796,-0.2964745171201284],[-1.3599113205955123e-16,-2.5454232372418637e-18,2.0961833586332604e-16,1.638791113444659e-16,-0.5966054838731223,-1.69295856830544e-16,1.1588236829831293e-15],[-0.8590324069670623,-0.8634742593377078,-0.29044950657316115,-0.41013028300933774,-1.69295856830544e-16,-0.517592721114374,-0.3120883256212774],[-0.8582901587057163,-0.8371067274825763,1.7445746850897903,-0.2964745171201282,1.1588236829831293e-15,-0.3120883256212773,-0.5178308310556723]],"Density Matrix":[[1.0586000984459867,-0.2531933258573222,-0.0261520298541839,0.033736714014003084,1.605654989608987e-16,-0.0029930795851095607,0.02184184818500232],[-0.2531933258573222,1.1251217379595921,0.17332907430850195,-0.1816260540684747,-2.818414923213017e-16,-0.05392287959369646,-0.18939303140618757],[-0.0261520298541839,0.17332907430850195,0.41314366312570144,0.0802781713602767,-5.010126664948586e-16,-0.006685120048733081,-0.42981237142335016],[0.033736714014003084,-0.1816260540684747,0.0802781713602767,0.6323017448668967,-3.318540274254791e-16,0.3667391397539672,-0.010896209822679519],[1.605654989608987e-16,-2.818414923213017e-16,-5.010126664948586e-16,-3.318540274254791e-16,1.0,8.282007664727532e-16,-3.6195312583931963e-16],[-0.0029930795851095607,-0.05392287959369646,-0.006685120048733081,0.3667391397539672,8.282007664727532e-16,0.22594506768417305,0.05163486013033016],[0.02184184818500232,-0.18939303140618757,-0.42981237142335016,-0.010896209822679519,-3.6195312583931963e-16,0.05163486013033016,0.45601398902639334]],"SCF Iteration":8}{"Fock Matrix":[[-20.438531823758353,-5.208261436502953,0.013525210720782766,-0.022114834842127194,-7.173669551226917e-17,-0.8590303879907939,-0.8582891818049231],[-5.208261436502951,-2.619534047920693,0.02502758367864029,-0.10242531868603623,2.336275479466895e-17,-0.8634989213425404,-0.8370989753791198],[0.01352521072078277,0.02502758367864029,-0.3196297727204005,-0.05632907306784233,1.9513625938832705e-16,-0.290457857677761,1.7445732313639624],[-0.022114834842127205,-0.10242531868603627,-0.05632907306784236,-0.5009457993831354,1.130888679736115e-16,-0.4101158278366266,-0.29647560800224904],[-7.17366955122692e-17,2.3362754794668926e-17,1.9513625938832707e-16,1.130888679736115e-16,-0.5965701238800118,-1.3178244259514417e-16,1.1409149358806196e-15],[-0.8590303879907939,-0.8634989213425412,-0.2904578576777621,-0.4101158278366269,-1.3178244259514414e-16,-0.5176167842804738,-0.31208879830027436],[-0.8582891818049232,-0.8370989753791203,1.7445732313639624,-0.2964756080022495,1.1409149358806196e-15,-0.3120887983002745,-0.5178276063924789]],"Density Matrix":[[1.0585941651318593,-0.253162721982274,-0.02615001461989219,0.03375155313157462,1.0436382823765317e-16,-0.00303118607217108,0.02183311658050484],[-0.253162721982274,1.124970031085457,0.17331722957890336,-0.18167106942849331,-3.1047841317603857e-16,-0.053754310814845135,-0.18935580884964445],[-0.02615001461989219,0.17331722957890336,0.4131231279027099,0.08027105346795063,-4.50119354500675e-16,-0.006667256114550994,-0.4298091283352767],[0.03375155313157462,-0.18167106942849331,0.08027105346795063,0.6324298070549963,-2.394400513068469e-16,0.36668137684818003,-0.010905559652734223],[1.0436382823765317e-16,-3.1047841317603857e-16,-4.50119354500675e-16,-2.394400513068469e-16,1.0000000000000004,6.9392977331444885e-16,-3.0896212639535695e-16],[-0.00303118607217108,-0.053754310814845135,-0.006667256114550994,0.36668137684818003,6.9392977331444885e-16,0.2258478834972464,0.0515970279005261],[0.02183311658050484,-0.18935580884964445,-0.4298091283352767,-0.010905559652734223,-3.0896212639535695e-16,0.0515970279005261,0.45602552182853134]],"SCF Iteration":9}{"Fock Matrix":[[-20.438514490503398,-5.20825895138112,0.013525445533305905,-0.0221169210439393,4.652050149757573e-16,-0.859029708396097,-0.858288856917782],[-5.20825895138112,-2.619519294928443,0.025021598170824513,-0.10242423094006575,7.162646343374767e-17,-0.8635073463263008,-0.8370963658021164],[0.013525445533305903,0.025021598170824513,-0.3196160919336899,-0.056325723636562866,2.1660793235210198e-16,-0.29046077515636504,1.7445727279704764],[-0.0221169210439393,-0.10242423094006578,-0.05632572363656287,-0.5009569188142144,2.2108878039480364e-16,-0.4101109036041569,-0.2964760198434573],[4.652050149757573e-16,7.162646343374771e-17,2.1660793235210198e-16,2.2108878039480364e-16,-0.5965581668950835,-2.5052391875691e-16,1.1813181235711981e-15],[-0.859029708396097,-0.8635073463263017,-0.29046077515636437,-0.41011090360415725,-2.5052391875691004e-16,-0.5176250152386537,-0.3120889462626276],[-0.858288856917782,-0.8370963658021169,1.7445727279704761,-0.2964760198434566,1.1813181235711981e-15,-0.3120889462626276,-0.5178265718588957]],"Density Matrix":[[1.058592141960373,-0.25315228560385855,-0.026149304582974067,0.03375662659060158,-4.052330188365557e-16,-0.0030441760429597703,0.02183013283501046],[-0.25315228560385855,1.1249182873425583,0.1733130689261077,-0.18168651905326946,-4.0695732966991387e-16,-0.05369684951583101,-0.18934305428036588],[-0.026149304582974067,0.1733130689261077,0.4131160959683473,0.08026853009776269,-5.839937127674069e-16,-0.00666097288828771,-0.42980797580854097],[0.03375662659060158,-0.18168651905326946,0.08026853009776269,0.6324732319641215,-4.764887170622767e-16,0.36666177407131,-0.010908572865040829],[-4.052330188365557e-16,-4.0695732966991387e-16,-5.839937127674069e-16,-4.764887170622767e-16,1.0000000000000009,1.1695040821345728e-15,-3.661050935721523e-16],[-0.0030441760429597703,-0.05369684951583101,-0.00666097288828771,0.36666177407131,1.1695040821345728e-15,0.2258149002736135,0.05158399318038803],[0.02183013283501046,-0.18934305428036588,-0.42980797580854097,-0.010908572865040829,-3.661050935721523e-16,0.05158399318038803,0.45602940933149244]],"SCF Iteration":10}{"Fock Matrix":[[-20.438508610740087,-5.208258109653221,0.01352552392117097,-0.022117632825038862,-2.1281867641468984e-16,-0.8590294779372989,-0.8582887472508487],[-5.20825810965322,-2.6195142750936604,0.02501956497568608,-0.10242385758314587,-1.8443720535153303e-17,-0.8635102202904812,-0.8370954805721795],[0.013525523921170977,0.025019564975686095,-0.3196114498056293,-0.05632457634870819,1.5226346486056533e-16,-0.29046178306197556,1.7445725548133741],[-0.022117632825038862,-0.10242385758314583,-0.05632457634870819,-0.5009607029810272,3.4880703767761576e-16,-0.4101092248295638,-0.2964761688518305],[-2.128186764146899e-16,-1.8443720535153297e-17,1.5226346486056536e-16,3.4880703767761576e-16,-0.596554101322063,-3.1489805809727756e-16,1.1589585738667075e-15],[-0.8590294779372988,-0.8635102202904807,-0.29046178306197534,-0.410109224829564,-3.148980580972775e-16,-0.5176278248929451,-0.31208899352078723],[-0.8582887472508488,-0.8370954805721804,1.7445725548133741,-0.2964761688518307,1.1589585738667075e-15,-0.31208899352078723,-0.5178262299931555]],"Density Matrix":[[1.0585914522272266,-0.2531487273609429,-0.026149057371850876,0.033758358966208935,2.6179777920185276e-16,-0.003048604581347071,0.021829114434214987],[-0.2531487273609429,1.1249006428646364,0.17331162344516104,-0.18169180631381365,-5.71229118295576e-16,-0.053677258944267864,-0.189338693031603],[-0.026149057371850876,0.17331162344516104,0.4131136996425316,0.08026765211231342,-5.291344802288406e-16,-0.006658792422830238,-0.4298075731997177],[0.033758358966208935,-0.18169180631381365,0.08026765211231342,0.6324879937045284,-7.286570496018213e-16,0.3666551067351924,-0.010909562134263584],[2.6179777920185276e-16,-5.71229118295576e-16,-5.291344802288406e-16,-7.286570496018213e-16,1.0,1.383534274409448e-15,-2.559045675518708e-16],[-0.003048604581347071,-0.053677258944267864,-0.006658792422830238,0.3666551067351924,1.383534274409448e-15,0.2258036792350394,0.051579522741415605],[0.021829114434214987,-0.189338693031603,-0.4298075731997177,-0.010909562134263584,-2.559045675518708e-16,0.051579522741415605,0.4560307177923824]],"SCF Iteration":11}{"Fock Matrix":[[-20.43850661477677,-5.208257824321266,0.013525550319169256,-0.022117875637970873,-1.3209334309350486e-16,-0.8590293997012108,-0.8582887101697456],[-5.208257824321265,-2.6195125669445956,0.02501887351945835,-0.10242372954331025,1.9546379416457405e-17,-0.8635112006578107,-0.8370951799870432],[0.013525550319169268,0.025018873519458334,-0.31960987280799813,-0.05632418437033901,3.1379543529451355e-16,-0.29046212957776474,1.7445724953855255],[-0.022117875637970876,-0.10242372954331024,-0.05632418437033902,-0.5009619920441848,-6.076039528505121e-16,-0.41010865276088715,-0.2964762214567205],[-1.3209334309350486e-16,1.954637941645748e-17,3.1379543529451355e-16,-6.076039528505121e-16,-0.5965527188370991,5.574299508673802e-16,1.0676346194205382e-15],[-0.8590293997012108,-0.8635112006578112,-0.29046212957776496,-0.41010865276088715,5.574299508673801e-16,-0.5176287837670221,-0.3120890092008878],[-0.8582887101697455,-0.8370951799870427,1.7445724953855255,-0.2964762214567209,1.067634619420538e-15,-0.31208900920088767,-0.5178261161445423]],"Density Matrix":[[1.0585912170985874,-0.2531475143168019,-0.02614897204497445,0.03375895024017393,2.891130139610717e-17,-0.0030501142460638703,0.021828767067998585],[-0.2531475143168019,1.1248946272680984,0.17331112517278663,-0.1816936135450617,1.057715067784568e-15,-0.05367058078720191,-0.1893372039789091],[-0.02614897204497445,0.17331112517278663,0.41311288261404233,0.08026734941154444,-6.401288061773006e-17,-0.006658041232790523,-0.4298074339917662],[0.03375895024017393,-0.1816936135450617,0.08026734941154444,0.6324930156323135,1.3690887667809994e-15,0.36665283770150314,-0.010909891402929119],[2.891130139610717e-17,1.057715067784568e-15,-6.401288061773006e-17,1.3690887667809994e-15,1.0,-2.007089991598673e-15,-5.618161887991332e-16],[-0.0030501142460638703,-0.05367058078720191,-0.006658041232790523,0.36665283770150314,-2.007089991598673e-15,0.22579986005665065,0.051577993786858775],[0.021828767067998585,-0.1893372039789091,-0.4298074339917662,-0.010909891402929119,-5.618161887991332e-16,0.051577993786858775,0.456031160933397]],"SCF Iteration":12}{"Fock Matrix":[[-20.438505936141418,-5.208257727389878,0.013525559247377904,-0.022117958445281874,-2.0268204489830737e-16,-0.8590293731001313,-0.8582886975928188],[-5.208257727389878,-2.61951198532444,0.0250186381717927,-0.10242368573804901,-1.6252183301800006e-17,-0.8635115349715132,-0.8370950777648694],[0.01352555924737791,0.0250186381717927,-0.3196093364253576,-0.05632405062200245,2.795045638993927e-16,-0.2904622483075454,1.7445724750357985],[-0.02211795844528187,-0.10242368573804903,-0.056324050622002436,-0.5009624312106489,-3.831400164683719e-16,-0.41010845781284455,-0.2964762397774521],[-2.026820448983074e-16,-1.625218330180003e-17,2.795045638993927e-16,-3.831400164683719e-16,-0.5965522482963932,3.2555743421600694e-16,1.0938005505698193e-15],[-0.8590293731001313,-0.8635115349715132,-0.29046224830754586,-0.4101084578128448,3.255574342160069e-16,-0.5176291108449149,-0.31208901447368353],[-0.8582886975928189,-0.8370950777648689,1.7445724750357985,-0.2964762397774514,1.0938005505698191e-15,-0.3120890144736833,-0.5178260779047754]],"Density Matrix":[[1.0585911369507903,-0.2531471008199114,-0.026148942734200126,0.03375915194446262,1.2313906751454308e-16,-0.0030506288463270984,0.021828648630061946],[-0.2531471008199114,1.1248925766220326,0.17331095415603773,-0.18169423061824597,7.460450763886775e-16,-0.053668304451966964,-0.18933669597001052],[-0.026148942734200126,0.17331095415603773,0.4131126041584414,0.08026724559567057,-1.9121011109611137e-16,-0.0066577835531264114,-0.42980738613418007],[0.03375915194446262,-0.18169423061824597,0.08026724559567057,0.6324947252499604,8.743962731235412e-16,0.36665206505318637,-0.010910001930525402],[1.2313906751454308e-16,7.460450763886775e-16,-1.9121011109611137e-16,8.743962731235412e-16,1.0,-1.1526117450781713e-15,-5.344175878814396e-16],[-0.0030506288463270984,-0.053668304451966964,-0.0066577835531264114,0.36665206505318637,-1.1526117450781713e-15,0.2257985594823556,0.05157747165481631],[0.021828648630061946,-0.18933669597001052,-0.42980738613418007,-0.010910001930525402,-5.344175878814396e-16,0.05157747165481631,0.4560313113327649]],"SCF Iteration":13}{"Fock Matrix":[[-20.438505705217786,-5.208257694425335,0.013525562275752767,-0.022117986679356726,-7.900474601941758e-17,-0.8590293640481153,-0.8582886933201261],[-5.208257694425332,-2.619511787225604,0.025018558028708823,-0.102423670770483,6.367342862871545e-18,-0.8635116489541397,-0.8370950429747763],[0.013525562275752766,0.02501855802870881,-0.3196091538594752,-0.05632400501583657,2.5488656319099084e-16,-0.2904622889080102,1.7445724680777597],[-0.02211798667935673,-0.102423670770483,-0.05632400501583658,-0.5009625808518416,-1.3780883356069547e-18,-0.4101083913793635,-0.29647624610601975],[-7.900474601941758e-17,6.367342862871533e-18,2.5488656319099084e-16,-1.37808833560695e-18,-0.5965520880752058,2.5859641327752626e-18,1.1496750524878218e-15],[-0.8590293640481153,-0.8635116489541397,-0.29046228890800996,-0.41010839137936395,2.585964132775244e-18,-0.5176292223809629,-0.31208901626102936],[-0.8582886933201261,-0.8370950429747768,1.7445724680777597,-0.2964762461060202,1.1496750524878218e-15,-0.3120890162610295,-0.5178260649958064]],"Density Matrix":[[1.0585911096326481,-0.2531469598791395,-0.02614893269588822,0.0337592207303255,7.296009580592997e-17,-0.003050804247403574,0.021828608256001802],[-0.2531469598791395,1.124891877644123,0.17331089561846058,-0.18169444117585817,5.603455317055486e-17,-0.05366752858224502,-0.18933652273558288],[-0.02614893269588822,0.17331089561846058,0.4131125092600056,0.08026721009191005,-4.3404728313642154e-16,-0.006657695385956142,-0.4298073697377254],[0.0337592207303255,-0.18169444117585817,0.08026721009191005,0.6324953074843749,4.5556966470121626e-17,0.3666518018681343,-0.010910039237268264],[7.296009580592997e-17,5.603455317055486e-17,-4.3404728313642154e-16,4.5556966470121626e-17,1.0,1.7799458377434543e-16,-4.4099851775077744e-16],[-0.003050804247403574,-0.05366752858224502,-0.006657695385956142,0.3666518018681343,1.7799458377434543e-16,0.22579811646386844,0.05157729350421257],[0.021828608256001802,-0.18933652273558288,-0.4298073697377254,-0.010910039237268264,-4.4099851775077744e-16,0.05157729350421257,0.456031362462558]],"SCF Iteration":14}{"Fock Matrix":[[-20.43850562659503,-5.208257683205975,0.013525563304749513,-0.022117996304562737,-1.813976847118742e-16,-0.8590293609660965,-0.8582886918669106],[-5.208257683205975,-2.619511719738557,0.025018530729208954,-0.10242366566106682,-1.8080113683968614e-17,-0.8635116878103393,-0.8370950311281966],[0.013525563304749511,0.02501853072920894,-0.31960909169131746,-0.05632398946994708,1.4142661682139392e-16,-0.290462302774132,1.7445724657011652],[-0.02211799630456273,-0.10242366566106684,-0.056323989469947086,-0.5009626318439206,4.919203598524684e-16,-0.41010836874000933,-0.29647624828123154],[-1.813976847118742e-16,-1.8080113683968583e-17,1.4142661682139392e-16,4.919203598524683e-16,-0.5965520335016814,-4.1663859144560537e-16,1.1798855120700084e-15],[-0.8590293609660964,-0.863511687810341,-0.29046230277413176,-0.41010836874000944,-4.166385914456055e-16,-0.5176292604075403,-0.31208901686899637],[-0.8582886918669108,-0.8370950311281962,1.7445724657011652,-0.29647624828123154,1.1798855120700082e-15,-0.3120890168689967,-0.5178260606229186]],"Density Matrix":[[1.0585911003217616,-0.25314691184178495,-0.02614892926430627,0.03375924418253371,2.4983689347513887e-16,-0.00305086402996526,0.02182859449457571],[-0.25314691184178495,1.1248916394065147,0.17331087561453581,-0.18169451299041658,-7.630439773856309e-16,-0.053667264144387106,-0.18933646367666226],[-0.02614892926430627,0.17331087561453581,0.41311247691961334,0.08026719796932992,-6.009809613627858e-16,-0.00665766526509569,-0.42980736413163895],[0.03375924418253371,-0.18169451299041658,0.08026719796932992,0.632495505823653,-1.024184851950439e-15,0.3666517122017851,-0.010910051873704814],[2.4983689347513887e-16,-7.630439773856309e-16,-6.009809613627858e-16,-1.024184851950439e-15,1.0,1.803369503249285e-15,-2.3389356211441464e-16],[-0.00305086402996526,-0.053667264144387106,-0.00665766526509569,0.3666517122017851,1.803369503249285e-15,0.2257979655288589,0.05157723274965344],[0.02182859449457571,-0.18933646367666226,-0.42980736413163895,-0.010910051873704814,-2.3389356211441464e-16,0.05157723274965344,0.4560313798609513]],"SCF Iteration":15}{"Fock Matrix":[[-20.438505599816835,-5.208257679385663,0.013525563654774928,-0.022117999585516156,-6.30045600038604e-17,-0.8590293599163705,-0.8582886913722898],[-5.208257679385663,-2.619511696744385,0.025018521428320617,-0.10242366391791678,1.3555085897088568e-18,-0.8635117010549926,-0.8370950270929791],[0.013525563654774928,0.025018521428320617,-0.3196090705152974,-0.056323984171601366,2.17698032336215e-16,-0.2904623075060637,1.7445724648900014],[-0.02211799958551615,-0.10242366391791674,-0.05632398417160134,-0.5009626492208703,1.1749405539147994e-16,-0.41010836102480186,-0.29647624902655556],[-6.300456000386042e-17,1.3555085897088445e-18,2.17698032336215e-16,1.1749405539147994e-16,-0.5965520149095171,-1.3964675586225372e-16,1.1589151736781294e-15],[-0.8590293599163706,-0.8635117010549918,-0.2904623075060635,-0.4101083610248022,-1.3964675586225372e-16,-0.5176292733703578,-0.31208901707612735],[-0.8582886913722896,-0.8370950270929782,1.7445724648900014,-0.29647624902655645,1.1589151736781294e-15,-0.31208901707612724,-0.517826059138355]],"Density Matrix":[[1.0585910971484145,-0.2531468954695913,-0.02614892809257322,0.033759252177253334,7.973091386158381e-17,-0.003050884405203687,0.021828589804317337],[-0.2531468954695913,1.1248915582094368,0.17331086878562796,-0.18169453747714134,-1.8110113805580252e-16,-0.053667174019171204,-0.18933644354532217],[-0.02614892809257322,0.17331086878562796,0.4131124658983809,0.08026719383374746,-4.862753724736431e-16,-0.006657654984399065,-0.4298073622172559],[0.033759252177253334,-0.18169453747714134,0.08026719383374746,0.6324955733991783,-2.3269352491642975e-16,0.3666516816490174,-0.010910056163453662],[7.973091386158381e-17,-1.8110113805580252e-16,-4.862753724736431e-16,-2.3269352491642975e-16,1.0,6.989671247036843e-16,-3.9637879157026674e-16],[-0.003050884405203687,-0.053667174019171204,-0.006657654984399065,0.3666516816490174,6.989671247036843e-16,0.2257979140998808,0.05157721203647579],[0.021828589804317337,-0.18933644354532217,-0.4298073622172559,-0.010910056163453662,-3.9637879157026674e-16,0.05157721203647579,0.45603138578477076]],"SCF Iteration":16}{"Fock Matrix":[[-20.438505590694355,-5.208257678084399,0.013525563773922932,-0.022118000703817697,1.71439208248487e-16,-0.8590293595587581,-0.8582886912038601],[-5.208257678084399,-2.6195116889091317,0.02501851825916107,-0.10242366332344503,5.652057427958971e-17,-0.8635117055693158,-0.8370950257182193],[0.013525563773922927,0.02501851825916103,-0.31960906330085326,-0.056323982365939405,2.6556593177504426e-16,-0.29046230912007576,1.7445724646132774],[-0.022118000703817704,-0.10242366332344506,-0.0563239823659394,-0.5009626551426978,4.321040078928439e-17,-0.41010835839552384,-0.29647624928143745],[1.7143920824848703e-16,5.652057427958973e-17,2.6556593177504426e-16,4.321040078928438e-17,-0.5965520085747036,-2.514432960971997e-17,1.165418149773155e-15],[-0.859029359558758,-0.8635117055693158,-0.29046230912007687,-0.4101083583955243,-2.5144329609719973e-17,-0.5176292777888261,-0.3120890171467384],[-0.85828869120386,-0.8370950257182184,1.7445724646132776,-0.2964762492814377,1.165418149773155e-15,-0.31208901714673865,-0.5178260586336458]],"Density Matrix":[[1.0585910960668934,-0.2531468898897101,-0.026148927692764935,0.03375925490233936,-1.501560457230729e-16,-0.003050891349388546,0.021828588205808575],[-0.2531468898897101,1.1248915305362195,0.17331086645586596,-0.1816945458248983,-9.418849619620778e-17,-0.053667143303428755,-0.18933643668375671],[-0.026148927692764935,0.17331086645586596,0.41311246214245956,0.08026719242357805,-4.866999181783729e-16,-0.006657651477453121,-0.42980736156402405],[0.03375925490233936,-0.1816945458248983,0.08026719242357805,0.6324955964249545,-5.500873345466999e-17,0.3666516712377551,-0.010910057621781544],[-1.501560457230729e-16,-9.418849619620778e-17,-4.866999181783729e-16,-5.500873345466999e-17,1.0000000000000004,3.485870750236119e-16,-4.2249061171005833e-16],[-0.003050891349388546,-0.053667143303428755,-0.006657651477453121,0.3666516712377551,3.485870750236119e-16,0.22579789657492558,0.05157720497584439],[0.021828588205808575,-0.18933643668375671,-0.42980736156402405,-0.010910057621781544,-4.2249061171005833e-16,0.05157720497584439,0.45603138780244284]],"SC