{"Calculation":"sto3g-water"}{"Structure":"Fock","Data":[[-25.6247357434553,-1.070389195173887,0.030478560796787874,0.10850654955621485,-2.5763916627081257e-15,-0.3976787807632643,-0.3814099275850214],[-1.0703891951738858,-6.098000961272052,-0.39849649071049625,-0.7912200733260353,-5.894175052391682e-16,1.4315942674605,1.1315591046708962],[0.03047856079678787,-0.39849649071049625,-3.6140358148251566,-0.20572899100951128,7.189476426704446e-16,0.8722137795934543,0.960830051476564],[0.10850654955621497,-0.7912200733260353,-0.20572899100951128,-3.832741176128409,-5.834253353660744e-16,0.7318449674902056,0.5320466182057035],[-2.5763916627081253e-15,-5.894175052391682e-16,7.189476426704448e-16,-5.834253353660745e-16,-3.4609277430867325,4.679715384546659e-16,1.7895976918857887e-15],[-0.3976787807632645,1.4315942674605002,0.8722137795934543,0.7318449674902056,4.679715384546658e-16,-3.0404968804628223,-0.21949734162947174],[-0.3814099275850216,1.1315591046708964,0.9608300514765635,0.5320466182057035,1.7895976918857887e-15,-0.2194973416294718,-2.376927932461292]]}{"Structure":"Density","Data":[[1.0651826040098749,-0.3040798733153932,0.018459916062056297,-0.02498288672417308,2.408269427949405e-16,0.10025942584146391,0.09110897211061077],[-0.3040798733153932,1.4550717511692601,-0.010326638868610155,0.19971104684885574,2.9846543144560396e-16,-0.5892243375128249,-0.4857428674184666],[0.018459916062056297,-0.010326638868610155,0.9206070428625063,-0.008941615856051077,-3.597795684250958e-16,-0.3946001483920135,-0.13739272523579354],[-0.02498288672417308,0.19971104684885574,-0.008941615856051077,1.0927067682645082,3.790072109466192e-16,-0.39214673509253367,-0.2228444826925171],[2.408269427949405e-16,2.9846543144560396e-16,-3.597795684250958e-16,3.790072109466192e-16,1.0,2.35656327069259e-15,-1.920177408424822e-15],[0.10025942584146391,-0.5892243375128249,-0.3946001483920135,-0.39214673509253367,2.35656327069259e-15,0.5043491436191833,0.3042249268946331],[0.09110897211061077,-0.4857428674184666,-0.13739272523579354,-0.2228444826925171,-1.920177408424822e-15,0.3042249268946331,0.2069677359073391]]}{"Structure":"Coeff","Data":[[1.015397728491966,-0.08252417820663781,-0.0018563818092886832,-0.011129975516803479,6.499738680141657e-16,0.02362650276419629,0.022498817438963082],[-0.15585720009692777,1.0940305906243866,0.2819191920834346,0.443893027128423,4.538609173872746e-16,-0.656627437785877,-0.4536109739045928],[-0.09390752611389488,0.47128584620465985,-0.8233112429809604,-0.28067870658980315,-2.5694865609413715e-15,0.2680587477416179,0.019989119649825377],[0.03224851469983074,-0.17102113648842598,-0.4040838564274177,0.9037484915856535,-7.499095872349124e-15,-0.02785404265571808,-0.017293309982160658],[3.478769773943897e-16,2.1597498729131915e-16,5.632275826037346e-15,-6.240872126036673e-15,-1.0,-3.11911740615558e-15,1.807247174269295e-15],[0.01877806519470489,-0.07852600298734178,0.17514423107707816,-0.12310938375555953,2.716873489314954e-15,-0.8850095270947663,0.7318600965380045],[-0.04244896203383885,0.04699902152808601,0.5123514170820143,0.05953631276364505,-3.3189107292891473e-16,0.29550064469624576,0.7951884687743064]]}{"Structure":"Hcore","Data":[[-32.57739541261033,-7.578832816647488,0.0,-0.014473835903318,0.0,-1.240102256333302,-1.240102256333303],[-7.578832816647488,-9.20094327192934,0.0,-0.176890246723779,0.0,-2.906709830220527,-2.906709830220527],[0.0,0.0,-7.458819309224371,0.0,0.0,-1.6751501447186712,1.675150144718672],[-0.014473835903318,-0.176890246723779,0.0,-7.415311754245677,0.0,-1.3568682579595641,-1.3568682579595641],[0.0,0.0,0.0,0.0,-7.347144867731366,0.0,1.0e-15],[-1.240102256333302,-2.906709830220527,-1.6751501447186712,-1.3568682579595641,0.0,-4.540171070273183,-1.071145883317951],[-1.240102256333303,-2.906709830220527,1.675150144718672,-1.3568682579595641,1.0e-15,-1.071145883317951,-4.540171070273184]]}{"Structure":"Ortho","Data":[[1.0236345786437149,-0.13685468056658898,2.5165040589923306e-17,-0.007487256134000385,8.105296429491435e-17,0.01902788647731445,0.019027886477314387],[-0.13685468056658895,1.1578631969246134,-6.240443341883437e-16,0.07216006803679541,2.5285808316299833e-17,-0.2223325555721434,-0.22233255557214485],[2.5165040589923072e-17,-6.240443341883437e-16,1.0733147513478078,-1.6605414257584345e-16,-7.05001599658901e-17,-0.1757583051625568,0.1757583051625566],[-0.007487256134000455,0.07216006803679552,-1.6605414257584348e-16,1.0383050470597082,5.736415648505656e-17,-0.1184625594808727,-0.118462559480873],[8.105296429491414e-17,2.528580831629982e-17,-7.05001599658901e-17,5.73641564850567e-17,1.0,-6.078018439349695e-17,-8.210291087452071e-17],[0.019027886477314446,-0.2223325555721434,-0.17575830516255678,-0.11846255948087275,-6.078018439349698e-17,1.129723419146232,-0.06259751075499285],[0.019027886477314404,-0.22233255557214487,0.1757583051625567,-0.11846255948087302,-8.210291087452078e-17,-0.06259751075499284,1.129723419146232]]}{"Structure":"Iteration","Data":2}