{"Calculation":"sto3g-water"}{"Structure":"Fock","Data":[[-32.254586617710174,-2.791490942196648,3.4243441415782172e-15,0.008610981194658016,1.6766218741173223e-16,-0.18129665037200987,-0.18129665037200565],[-2.791490942196647,-8.236889124504396,5.384581669432009e-15,-0.22829257340462064,-1.1082165194074589e-15,-0.38579868259380967,-0.38579868259379346],[3.4416913763379853e-15,5.440092820663267e-15,-7.542889038317313,1.4432899320127035e-15,-3.900025670998282e-17,-0.113212060226803,0.11321206022680419],[0.008610981194658043,-0.22829257340462047,1.4155343563970746e-15,-7.457029489953446,-1.1682610095619173e-15,-0.11021959970707013,-0.11021959970707046],[1.6766218741173228e-16,-1.1082165194074589e-15,-3.900025670998284e-17,-1.1682610095619171e-15,-7.347144867731366,2.6945865236901836e-16,2.631626825899984e-15],[-0.18129665037201023,-0.3857986825938098,-0.11321206022680275,-0.11021959970706982,2.694586523690183e-16,-4.032954696229745,-0.04464659845313931],[-0.18129665037200593,-0.3857986825937938,0.1132120602268043,-0.1102195997070704,2.6316268258999833e-15,-0.04464659845313934,-4.0329546962297425]]}{"Structure":"Density","Data":[[1.065011714327751,-0.28521658544198775,-3.562135948763673e-16,-0.0195533696763944,-3.832248982991467e-16,0.03344955980762794,0.033449559807628884],[-0.28521658544198775,1.248965698477248,2.3267427589627715e-16,0.11355938709570529,1.6756769166501095e-16,-0.14428093241128903,-0.14428093241129586],[-3.562135948763673e-16,2.3267427589627715e-16,1.1258700552266883,-3.4940358063885145e-15,-4.884702602359804e-16,-0.1461316510482763,0.14613165104827736],[-0.0195533696763944,0.11355938709570529,-3.4940358063885145e-15,1.0660637654500522,1.6173057222945844e-16,-0.09935832000160108,-0.09935832000160189],[-3.832248982991467e-16,1.6756769166501095e-16,-4.884702602359804e-16,1.6173057222945844e-16,0.9999999999999996,1.3110005478109493e-15,-1.2590139413335108e-15],[0.03344955980762794,-0.14428093241128903,-0.1461316510482763,-0.09935832000160108,1.3110005478109493e-15,0.042680160429604395,0.004746014585757],[0.033449559807628884,-0.14428093241129586,0.14613165104827736,-0.09935832000160189,-1.2590139413335108e-15,0.004746014585757,0.04268016042960614]]}{"Structure":"Coeff","Data":[[-1.001543579843199,0.007189331234532215,1.4029576111962427e-16,0.0002671299942949197,2.949263636852573e-16,-0.0018213487733121298,-0.0018213487733116105],[0.23362445803733561,-1.0579387721703448,1.0526302052227265e-14,-0.42728428290910453,-4.971496438082477e-15,0.1492533088361866,0.1492533088361949],[2.4371780635301654e-15,-1.0361503322009469e-14,-1.0610702404773626,-1.8648277366750676e-15,3.814731809676694e-15,0.13772099666326995,-0.13772099666326792],[0.08568421447023757,-0.36011049183875693,-1.0373646386341306e-15,0.9399424640213201,3.9154220969038793e-14,-0.03785789214649755,-0.03785789214649521],[2.2812787981683163e-15,-9.005754301516435e-15,-3.559228138414407e-15,3.876530543645319e-14,-0.9999999999999998,-3.010477612527041e-15,-1.4912004570460295e-15],[0.04822260665218741,-0.46312125179241936,-1.2101430968414206e-14,-0.21294012238331336,-3.31436491606147e-16,0.7807003063929708,0.7807003063929031],[1.4589024432964948e-15,-1.6209256159527285e-14,0.2965071059879463,-8.56259507742152e-15,1.3883394529991278e-15,-0.8501402877477915,0.850140287747853]]}