<<<<<<< HEAD
{"Core Hamiltonian":[[-32.57739541261033,-7.578832816647488,0.0,-0.014473835903318,0.0,-1.240102256333302,-1.240102256333303],[-7.578832816647488,-9.20094327192934,0.0,-0.176890246723779,0.0,-2.906709830220527,-2.906709830220527],[0.0,0.0,-7.458819309224371,0.0,0.0,-1.6751501447186712,1.675150144718672],[-0.014473835903318,-0.176890246723779,0.0,-7.415311754245677,0.0,-1.3568682579595641,-1.3568682579595641],[0.0,0.0,0.0,0.0,-7.347144867731366,0.0,1.0e-15],[-1.240102256333302,-2.906709830220527,-1.6751501447186712,-1.3568682579595641,0.0,-4.540171070273183,-1.071145883317951],[-1.240102256333303,-2.906709830220527,1.675150144718672,-1.3568682579595641,1.0e-15,-1.071145883317951,-4.540171070273184]]}{"Orthogonalization Matrix":[[1.023634578643715,-0.13685468056658906,-1.1605986915867963e-17,-0.007487256134000406,-1.3042038172663501e-17,0.019027886477314265,0.019027886477314335],[-0.13685468056658906,1.1578631969246134,-4.620280698093622e-16,0.07216006803679552,8.22875491310007e-17,-0.22233255557214335,-0.2223325555721448],[-1.1605986915867963e-17,-4.620280698093627e-16,1.0733147513478078,-1.0111893985194772e-16,5.964339634912108e-18,-0.1757583051625564,0.1757583051625564],[-0.007487256134000406,0.07216006803679557,-1.0111893985194816e-16,1.038305047059708,8.216663005938676e-17,-0.11846255948087292,-0.11846255948087292],[-1.3042038172663501e-17,8.22875491310008e-17,5.964339634912108e-18,8.216663005938676e-17,1.0,-3.627139230978984e-17,-1.4289955564953764e-16],[0.019027886477314265,-0.2223325555721434,-0.17575830516255633,-0.11846255948087292,-3.6271392309789936e-17,1.1297234191462318,-0.0625975107549927],[0.019027886477314362,-0.22233255557214476,0.17575830516255644,-0.11846255948087285,-1.4289955564953764e-16,-0.06259751075499279,1.1297234191462318]]}{"Initial Fock Matrix":[[-32.254586617710174,-2.791490942196648,3.4243441415782172e-15,0.008610981194658016,1.6766218741173223e-16,-0.18129665037200987,-0.18129665037200565],[-2.791490942196647,-8.236889124504396,5.384581669432009e-15,-0.22829257340462064,-1.1082165194074589e-15,-0.38579868259380967,-0.38579868259379346],[3.4416913763379853e-15,5.440092820663267e-15,-7.542889038317313,1.4432899320127035e-15,-3.900025670998282e-17,-0.113212060226803,0.11321206022680419],[0.008610981194658043,-0.22829257340462047,1.4155343563970746e-15,-7.457029489953446,-1.1682610095619173e-15,-0.11021959970707013,-0.11021959970707046],[1.6766218741173228e-16,-1.1082165194074589e-15,-3.900025670998284e-17,-1.1682610095619171e-15,-7.347144867731366,2.6945865236901836e-16,2.631626825899984e-15],[-0.18129665037201023,-0.3857986825938098,-0.11321206022680275,-0.11021959970706982,2.694586523690183e-16,-4.032954696229745,-0.04464659845313931],[-0.18129665037200593,-0.3857986825937938,0.1132120602268043,-0.1102195997070704,2.6316268258999833e-15,-0.04464659845313934,-4.0329546962297425]]}{"Initial Density Matrix":[[1.065011714327751,-0.28521658544198775,-3.562135948763673e-16,-0.0195533696763944,-3.832248982991467e-16,0.03344955980762794,0.033449559807628884],[-0.28521658544198775,1.248965698477248,2.3267427589627715e-16,0.11355938709570529,1.6756769166501095e-16,-0.14428093241128903,-0.14428093241129586],[-3.562135948763673e-16,2.3267427589627715e-16,1.1258700552266883,-3.4940358063885145e-15,-4.884702602359804e-16,-0.1461316510482763,0.14613165104827736],[-0.0195533696763944,0.11355938709570529,-3.4940358063885145e-15,1.0660637654500522,1.6173057222945844e-16,-0.09935832000160108,-0.09935832000160189],[-3.832248982991467e-16,1.6756769166501095e-16,-4.884702602359804e-16,1.6173057222945844e-16,0.9999999999999996,1.3110005478109493e-15,-1.2590139413335108e-15],[0.03344955980762794,-0.14428093241128903,-0.1461316510482763,-0.09935832000160108,1.3110005478109493e-15,0.042680160429604395,0.004746014585757],[0.033449559807628884,-0.14428093241129586,0.14613165104827736,-0.09935832000160189,-1.2590139413335108e-15,0.004746014585757,0.04268016042960614]]}{"Fock Matrix":[[-25.64180885079368,-4.745117068524414,-0.002237471040352979,-0.02360982383899847,-0.010589228562630204,-0.8032764487654118,-0.7853776167746611],[-4.745117068524414,-5.452953592196483,0.0026962198890116175,-0.17007430801483292,6.095706890807446e-17,-0.5822741876181534,-0.559262840876134],[-0.002237471040352979,0.0026962198890116175,-2.884254550253985,0.000275641292155902,0.5472829928868933,-0.17737826422456116,1.5727492769271163],[-0.02360982383899847,-0.17007430801483292,0.000275641292155902,-3.3838525541742897,-0.1922542022430427,-0.19712013562774455,0.008874950786966762],[-0.010589228562630204,6.095706890807446e-17,0.5472829928868933,-0.1922542022430427,0.7870487997967022,-4.0801261484935983e-16,1.3765793763662841e-15],[-0.8032764487654118,-0.5822741876181534,-0.17737826422456116,-0.19712013562774455,-4.0801261484935983e-16,-2.2600136071582417,-0.1761440061912427],[-0.7853776167746611,-0.559262840876134,1.5727492769271163,0.008874950786966762,1.3765793763662841e-15,-0.1761440061912427,-2.3064802733947447]],"Density Matrix":[[1.065011714327751,-0.28521658544198775,-3.562135948763673e-16,-0.0195533696763944,-3.832248982991467e-16,0.03344955980762794,0.033449559807628884],[-0.28521658544198775,1.248965698477248,2.3267427589627715e-16,0.11355938709570529,1.6756769166501095e-16,-0.14428093241128903,-0.14428093241129586],[-3.562135948763673e-16,2.3267427589627715e-16,1.1258700552266883,-3.4940358063885145e-15,-4.884702602359804e-16,-0.1461316510482763,0.14613165104827736],[-0.0195533696763944,0.11355938709570529,-3.4940358063885145e-15,1.0660637654500522,1.6173057222945844e-16,-0.09935832000160108,-0.09935832000160189],[-3.832248982991467e-16,1.6756769166501095e-16,-4.884702602359804e-16,1.6173057222945844e-16,0.9999999999999996,1.3110005478109493e-15,-1.2590139413335108e-15],[0.03344955980762794,-0.14428093241128903,-0.1461316510482763,-0.09935832000160108,1.3110005478109493e-15,0.042680160429604395,0.004746014585757],[0.033449559807628884,-0.14428093241129586,0.14613165104827736,-0.09935832000160189,-1.2590139413335108e-15,0.004746014585757,0.04268016042960614]],"SCF Iteration":1}{"Fock Matrix":[[-26.66253071031742,-5.19602914366083,0.0009869852498496899,-0.02050772905503082,-0.014465697333915232,-0.8375500649694316,-0.7193261324425506],[-5.19602914366083,-5.924351388293874,0.181210383408783,0.011996213245242499,-0.00779535288839955,-1.0868269818557936,-0.7327075604104851],[0.0009869852498496899,0.181210383408783,-4.869723099678472,-0.14545990602678066,0.8062390632039378,-0.28662543672295593,1.4248743742101802],[-0.02050772905503082,0.011996213245242499,-0.14545990602678066,-5.233129692249816,-0.2985046567206205,-0.46453890095325967,-0.3203607332466687],[-0.014465697333915232,-0.00779535288839955,0.8062390632039378,-0.2985046567206205,-0.7729102774215946,-0.015028145655792496,-0.008812476546207138],[-0.8375500649694316,-1.0868269818557936,-0.28662543672295593,-0.46453890095325967,-0.015028145655792496,-2.2228870396386715,-0.11663416281988914],[-0.7193261324425506,-0.7327075604104851,1.4248743742101802,-0.3203607332466687,-0.008812476546207138,-0.11663416281988914,-2.4199034939015993]],"Density Matrix":[[1.0662124548303706,-0.30699030699618285,0.02012519261018492,-0.02554166760862243,-0.003647939938591838,0.0776709579559173,0.09807240646466776],[-0.30699030699618285,1.4630337379448501,-0.007868426017486644,0.20946272760631743,0.013261414253201454,-0.5095549236249632,-0.5181246216049927],[0.02012519261018492,-0.007868426017486644,0.8198639787449804,-0.06733259789308747,-0.11570863918501242,-0.5087815155810691,-0.10232341437009841],[-0.02554166760862243,0.20946272760631743,-0.06733259789308747,1.0925816756019544,0.06346010516302733,-0.29255323848630194,-0.3633793813613875],[-0.003647939938591838,0.013261414253201454,-0.11570863918501242,0.06346010516302733,0.01903721182471757,0.059121523593058944,-0.007951214360034056],[0.0776709579559173,-0.5095549236249632,-0.5087815155810691,-0.29255323848630194,0.059121523593058944,1.3350109776709074,-0.26245416377222763],[0.09807240646466776,-0.5181246216049927,-0.10232341437009841,-0.3633793813613875,-0.007951214360034056,-0.26245416377222763,0.7185050688495074]],"SCF Iteration":2}{"Fock Matrix":[[-26.362724192984917,-5.05218929230297,0.0025980175230977845,-0.017534687896916316,-0.01638213784487895,-0.8501385028523141,-0.7009065373075246],[-5.05218929230297,-5.73120600876276,0.13701776010744562,-0.0037912996056556902,-0.0029548826523901235,-0.866031914010704,-0.5991703415122074],[0.0025980175230977845,0.13701776010744562,-4.7510297775824215,-0.22789894729683885,0.9882110764766021,-0.27927444141721613,1.476637185048498],[-0.017534687896916316,-0.0037912996056556902,-0.22789894729683885,-5.303265057249147,-0.3363288474702709,-0.3626613061193231,0.12637229413319906],[-0.01638213784487895,-0.0029548826523901235,0.9882110764766021,-0.3363288474702709,-0.08192731795559638,-0.014160806998728022,0.014274809103831948],[-0.8501385028523141,-0.866031914010704,-0.27927444141721613,-0.3626613061193231,-0.014160806998728022,-2.1593766629669786,-0.03621633534178348],[-0.7009065373075246,-0.5991703415122074,1.476637185048498,0.12637229413319906,0.014274809103831948,-0.03621633534178348,-2.3203529946537]],"Density Matrix":[[1.0661330471472303,-0.30783294537543937,0.007951248024723691,-0.029968800951605087,-0.0011214637648067696,0.09257986914922098,0.09390973354087137],[-0.30783294537543937,1.4633654431395864,0.002679487145316876,0.21185059669402692,0.0035045707221527484,-0.5010747942623914,-0.5000984297993949],[0.007951248024723691,0.002679487145316876,1.1172709051083396,0.01684167591747029,-0.19792272546649925,-0.524152573134302,0.22733407926219434],[-0.029968800951605087,0.21185059669402692,0.01684167591747029,1.1056653607136788,0.07391340651763309,-0.2687194222767359,-0.2555235018975441],[-0.0011214637648067696,0.0035045707221527484,-0.19792272546649925,0.07391340651763309,0.040978910122134,0.09426220979310682,-0.07311380944824608],[0.09257986914922098,-0.5010747942623914,-0.524152573134302,-0.2687194222767359,0.09426220979310682,0.9858655907748481,-0.5082031171140681],[0.09390973354087137,-0.5000984297993949,0.22733407926219434,-0.2555235018975441,-0.07311380944824608,-0.5082031171140681,0.933403654488302]],"SCF Iteration":3}{"Fock Matrix":[[-26.39201381797986,-5.065027747984621,0.0043272503832837055,-0.01917432517929765,-0.014823487759590989,-0.8421703180278303,-0.7022924982702988],[-5.065027747984621,-5.7421642326909375,0.1456495372368885,0.010490208431518405,-0.0035080449891326023,-0.899500544890671,-0.5993191509695928],[0.0043272503832837055,0.1456495372368885,-4.753904222930726,-0.2105923037918131,1.0215451102740736,-0.2915142496591301,1.4206794330310273],[-0.01917432517929765,0.010490208431518405,-0.2105923037918131,-5.297614361827609,-0.3291845927961598,-0.36697889259098015,0.12431468158121639],[-0.014823487759590989,-0.0035080449891326023,1.0215451102740736,-0.3291845927961598,-0.1232226990693448,-0.011470425422436797,0.013553914738885394],[-0.8421703180278303,-0.899500544890671,-0.2915142496591301,-0.36697889259098015,-0.011470425422436797,-2.147669622540684,-0.03717192543546144],[-0.7022924982702988,-0.5993191509695928,1.4206794330310273,0.12431468158121639,0.013553914738885394,-0.03717192543546144,-2.3280869751933535]],"Density Matrix":[[1.065645239347345,-0.30610226075401425,0.009517718627182745,-0.026427736137852036,-0.0021693057142899903,0.09263223959886359,0.09955003616088691],[-0.30610226075401425,1.4621513934902468,-0.006377068283270754,0.2087391033545255,0.009257781088000062,-0.524758315270794,-0.5293312941985955],[0.009517718627182745,-0.006377068283270754,1.106236831918414,-0.0027466731504698933,-0.21438299723586968,-0.5041275208565752,0.21220978194963314],[-0.026427736137852036,0.2087391033545255,-0.0027466731504698933,1.0996501939838936,0.07293499499438062,-0.3134110031738023,-0.3148321167956821],[-0.0021693057142899903,0.009257781088000062,-0.21438299723586968,0.07293499499438062,0.046592258091323835,0.09147900965648043,-0.0723153825799204],[0.09263223959886359,-0.524758315270794,-0.5041275208565752,-0.3134110031738023,0.09147900965648043,1.0965091111355658,-0.46335490192857004],[0.09955003616088691,-0.5293312941985955,0.21220978194963314,-0.3148321167956821,-0.0723153825799204,-0.46335490192857004,0.8839566597751017]],"SCF Iteration":4}{"Fock Matrix":[[-26.382006649203216,-5.060324729554331,0.0042602026076651155,-0.018856538089364785,-0.014688774779070202,-0.8445738373854522,-0.6974444869803519],[-5.060324729554331,-5.736216725263045,0.14185984521504047,0.010742525061478353,-0.0031496760535509854,-0.8891008599316113,-0.5962213927665347],[0.0042602026076651155,0.14185984521504047,-4.745901182745717,-0.21885443902826757,1.0373027087408326,-0.29253126373574423,1.418820308791986],[-0.018856538089364785,0.010742525061478353,-0.21885443902826757,-5.294621355767268,-0.32577433664033034,-0.3595047136736883,0.14557868066015245],[-0.014688774779070202,-0.0031496760535509854,1.0373027087408326,-0.32577433664033034,-0.10763829030957073,-0.010419541636034115,0.014721050005195753],[-0.8445738373854522,-0.8891008599316113,-0.29253126373574423,-0.3595047136736883,-0.010419541636034115,-2.146734347668795,-0.0354391587026579],[-0.6974444869803519,-0.5962213927665347,1.418820308791986,0.14557868066015245,0.014721050005195753,-0.0354391587026579,-2.3230282384964407]],"Density Matrix":[[1.0656905689185678,-0.30626964812598695,0.008730664922560196,-0.02645658679220914,-0.0018740189922251244,0.09331034674436722,0.09846745254498092],[-0.30626964812598695,1.4624129187114954,-0.005296685295949063,0.2091287708957949,0.007560461674971843,-0.5235392824340837,-0.5264351868078366],[0.008730664922560196,-0.005296685295949063,1.1109856268327358,-0.0014590480422504142,-0.22162121690158598,-0.4995492643314046,0.22730478531374257],[-0.02645658679220914,0.2091287708957949,-0.0014590480422504142,1.0997781215657285,0.07097268334038397,-0.3157676743122081,-0.31406882681239634],[-0.0018740189922251244,0.007560461674971843,-0.22162121690158598,0.07097268334038397,0.04898886246925945,0.09264218544684409,-0.0744554454133129],[0.09331034674436722,-0.5235392824340837,-0.4995492643314046,-0.3157676743122081,0.09264218544684409,1.070454794502172,-0.4702507128276248],[0.09846745254498092,-0.5264351868078366,0.22730478531374257,-0.31406882681239634,-0.0744554454133129,-0.4702507128276248,0.90818438223724]],"SCF Iteration":5}{"Fock Matrix":[[-26.382924336265596,-5.060742743656251,0.004381215069295597,-0.018952747170875396,-0.014578818344085547,-0.8441536192890657,-0.6975443894080661],[-5.060742743656251,-5.736601848649043,0.14209301293812454,0.011430411055931233,-0.003205237493230465,-0.8906516689562434,-0.5962408746134238],[0.004381215069295597,0.14209301293812454,-4.744245320775636,-0.21796772964747185,1.04273950362721,-0.2933205154793026,1.4155770863945003],[-0.018952747170875396,0.011430411055931233,-0.21796772964747185,-5.293237836750261,-0.3249050707884261,-0.3594870542378453,0.14641341545135766],[-0.014578818344085547,-0.003205237493230465,1.04273950362721,-0.3249050707884261,-0.11009398938150738,-0.010256791628652898,0.01487111775461083],[-0.8441536192890657,-0.8906516689562434,-0.2933205154793026,-0.3594870542378453,-0.010256791628652898,-2.1462773153690144,-0.03559981972667159],[-0.6975443894080661,-0.5962408746134238,1.4155770863945003,0.14641341545135766,0.01487111775461083,-0.03559981972667159,-2.32342336187502]],"Density Matrix":[[1.0656821949794701,-0.3062097849325835,0.00868540825918894,-0.02626030887912818,-0.0019812721296393037,0.09318958883945855,0.09860255721106932],[-0.3062097849325835,1.4623196585660028,-0.00545372381555432,0.20884737477427562,0.007972476970967401,-0.5241729821660173,-0.527381217027582],[0.00868540825918894,-0.00545372381555432,1.1100758892009992,-0.0022589367005462282,-0.22429839647155334,-0.4976177386688749,0.2271292904579603],[-0.02626030887912818,0.20884737477427562,-0.0022589367005462282,1.099096774414646,0.07061292372089488,-0.3178199561715449,-0.3172414008193653],[-0.0019812721296393037,0.007972476970967401,-0.22429839647155334,0.07061292372089488,0.050023891704256425,0.09320013511399838,-0.07495808766847754],[0.09318958883945855,-0.5241729821660173,-0.4976177386688749,-0.3178199561715449,0.09320013511399838,1.0752838520599315,-0.46808589433345094],[0.09860255721106932,-0.527381217027582,0.2271292904579603,-0.3172414008193653,-0.07495808766847754,-0.46808589433345094,0.9054769847753861]],"SCF Iteration":6}{"Fock Matrix":[[-26.38246835126998,-5.06053532514739,0.004380496928843189,-0.01894935160840859,-0.014563614616836532,-0.844271050506802,-0.697286834974635],[-5.06053532514739,-5.736344302038081,0.1418805992356461,0.011476768066565335,-0.003207295700361124,-0.890183263804404,-0.5961178433082432],[0.004380496928843189,0.1418805992356461,-4.743279256975591,-0.21834380116826077,1.0451021453428733,-0.29342816142274875,1.4153102016587171],[-0.01894935160840859,0.011476768066565335,-0.21834380116826077,-5.29269522307543,-0.3246260101237661,-0.35906145384031196,0.1474437004927449],[-0.014563614616836532,-0.003207295700361124,1.0451021453428733,-0.3246260101237661,-0.10977756767830371,-0.010226548382606091,0.014995203203648418],[-0.844271050506802,-0.890183263804404,-0.29342816142274875,-0.35906145384031196,-0.010226548382606091,-2.1462376292064906,-0.03554090236185803],[-0.697286834974635,-0.5961178433082432,1.4153102016587171,0.1474437004927449,0.014995203203648418,-0.03554090236185803,-2.323216938468281]],"Density Matrix":[[1.0656844629505102,-0.30621749412810334,0.008637202689692671,-0.02625038896941162,-0.0019799382303862063,0.09321936895929538,0.09854723107402333],[-0.30621749412810334,1.4623311804961288,-0.005386677414261902,0.20885599333715532,0.007922044440888273,-0.5241181092688332,-0.5272414803092593],[0.008637202689692671,-0.005386677414261902,1.1099647295185213,-0.0021952654518600755,-0.22541024733595796,-0.4971157502569684,0.22781925659846985],[-0.02625038896941162,0.20885599333715532,-0.0021952654518600755,1.0990663855197105,0.07044853208828873,-0.3180969252867414,-0.31736541340178254],[-0.0019799382303862063,0.007922044440888273,-0.22541024733595796,0.07044853208828873,0.05045898636438214,0.09361561991419468,-0.07528342071109148],[0.09321936895929538,-0.5241181092688332,-0.4971157502569684,-0.3180969252867414,0.09361561991419468,1.0740291670627042,-0.46828019835069584],[0.09854723107402333,-0.5272414803092593,0.22781925659846985,-0.31736541340178254,-0.07528342071109148,-0.46828019835069584,0.9066194004450826]],"SCF Iteration":7}{"Fock Matrix":[[-26.382503341046796,-5.060551381979696,0.004385979687183711,-0.01895776714177631,-0.01455638280840013,-0.8442604959228247,-0.6972724554063205],[-5.060551381979696,-5.7363595663988365,0.14187206351253545,0.011513884182093093,-0.003217730931495369,-0.8902314337228807,-0.5961217981720561],[0.004385979687183711,0.14187206351253545,-4.742939221577984,-0.21832054403798914,1.0460506336559523,-0.2934799515476523,1.4151367508121706],[-0.01895776714177631,0.011513884182093093,-0.21832054403798914,-5.292462470138667,-0.32458267473436103,-0.3590274789975887,0.14748965660930802],[-0.01455638280840013,-0.003217730931495369,1.0460506336559523,-0.32458267473436103,-0.11003520671960576,-0.010234771388771133,0.015035473218246923],[-0.8442604959228247,-0.8902314337228807,-0.2934799515476523,-0.3590274789975887,-0.010234771388771133,-2.1462221617673714,-0.03555245688961173],[-0.6972724554063205,-0.5961217981720561,1.4151367508121706,0.14748965660930802,0.015035473218246923,-0.03555245688961173,-2.3232420595014136]],"Density Matrix":[[1.0656841489750017,-0.30621483326320087,0.008630139124025556,-0.026239338978908202,-0.001990377368340377,0.09321635088908288,0.09854960002393308],[-0.30621483326320087,1.4623267958747108,-0.00538453109867938,0.20884067300691375,0.007954753451360506,-0.5241499475277502,-0.5272787060099837],[0.008630139124025556,-0.00538453109867938,1.1097853422104336,-0.002210447169559409,-0.22586469515834076,-0.4969282762103557,0.2278115513329028],[-0.026239338978908202,0.20884067300691375,-0.002210447169559409,1.0990272996805763,0.07042404491210755,-0.31823053855185934,-0.3175263676846643],[-0.001990377368340377,0.007954753451360506,-0.22586469515834076,0.07042404491210755,0.05064829201786123,0.09381126232301246,-0.07542152289651223],[0.09321635088908288,-0.5241499475277502,-0.4969282762103557,-0.31823053855185934,0.09381126232301246,1.0741559574024317,-0.46816101977360364],[0.09854960002393308,-0.5272787060099837,0.2278115513329028,-0.3175263676846643,-0.07542152289651223,-0.46816101977360364,0.9065540494849107]],"SCF Iteration":8}{"Fock Matrix":[[-26.382488764720986,-5.0605442084610885,0.004385902115237848,-0.01895950066625141,-0.01455493860946615,-0.8442682355183779,-0.6972557094200441],[-5.0605442084610885,-5.736351290592749,0.14185681776324915,0.011517649796973978,-0.00322134646944313,-0.8902064836648496,-0.5961198121562261],[0.004385902115237848,0.14185681776324915,-4.742782084760787,-0.21834123451841633,1.0464578691985051,-0.29349026954171964,1.415119918108577],[-0.01895950066625141,0.011517649796973978,-0.21834123451841633,-5.292363616968399,-0.3245854224204704,-0.3589995502978255,0.14751958311623792],[-0.01455493860946615,-0.00322134646944313,1.0464578691985051,-0.3245854224204704,-0.11009803774282112,-0.010242007527062582,0.015055290687684577],[-0.8442682355183779,-0.8902064836648496,-0.29349026954171964,-0.3589995502978255,-0.010242007527062582,-2.146223824872737,-0.03555271569333662],[-0.6972557094200441,-0.5961198121562261,1.415119918108577,0.14751958311623792,0.015055290687684577,-0.03555271569333662,-2.323240192148841]],"Density Matrix":[[1.0656842343213497,-0.30621504779359254,0.008626505932240841,-0.0262381461109355,-0.0019928976931675477,0.09321856892504458,0.09854624363081656],[-0.30621504779359254,1.4623270411725513,-0.005378560941689694,0.20883982948999685,0.007959708351370578,-0.5241504300419929,-0.5272724408232885],[0.008626505932240841,-0.005378560941689694,1.1097144782332136,-0.002196389855109386,-0.22605762365730253,-0.49686717597493224,0.22782971614414624],[-0.0262381461109355,0.20883982948999685,-0.002196389855109386,1.0990225743541089,0.07042201522995761,-0.31825751781678746,-0.3175348810607368],[-0.0019928976931675477,0.007959708351370578,-0.22605762365730253,0.07042201522995761,0.05073045280674213,0.09390552737753419,-0.07548851512858587],[0.09321856892504458,-0.5241504300419929,-0.49686717597493224,-0.31825751781678746,0.09390552737753419,1.0740728435419888,-0.4681571538534726],[0.09854624363081656,-0.5272724408232885,0.22782971614414624,-0.3175348810607368,-0.07548851512858587,-0.4681571538534726,0.9066164155540073]],"SCF Iteration":9}{"Fock Matrix":[[-26.382493576121256,-5.060545956683805,0.004386023746752559,-0.018960642805750126,-0.01455438941982944,-0.844269071174131,-0.6972530022743063],[-5.060545956683805,-5.736353657193712,0.14185399742993532,0.011519413864394118,-0.003223279339400453,-0.890206306051343,-0.5961218343075632],[0.004386023746752559,0.14185399742993532,-4.7427168035696985,-0.2183425487437703,1.0466305560866658,-0.2934942349027352,1.4151134492301738],[-0.018960642805750126,0.011519413864394118,-0.2183425487437703,-5.292320366504381,-0.32459598038369064,-0.3589947363317614,0.14751134548806522],[-0.01455438941982944,-0.003223279339400453,1.0466305560866658,-0.32459598038369064,-0.11014399224215232,-0.010246524954532316,0.015063249838879064],[-0.844269071174131,-0.890206306051343,-0.2934942349027352,-0.3589947363317614,-0.010246524954532316,-2.1462251668187213,-0.035554532068784006],[-0.6972530022743063,-0.5961218343075632,1.4151134492301738,0.14751134548806522,0.015063249838879064,-0.035554532068784006,-2.3232449286182417]],"Density Matrix":[[1.0656842158504465,-0.3062149021498682,0.008625648008060574,-0.026237493625279756,-0.001994437543938623,0.09321889671608238,0.09854592286271152],[-0.3062149021498682,1.4623267746524957,-0.005377112347375452,0.2088387832923441,0.007964209170844685,-0.5241528254260566,-0.5272736010261762],[0.008625648008060574,-0.005377112347375452,1.109676979274234,-0.0021907832956629056,-0.2261397754606023,-0.49684379913379495,0.2278222732225259],[-0.026237493625279756,0.2088387832923441,-0.0021907832956629056,1.0990196189454466,0.07042622964330639,-0.3182681095680559,-0.3175402172763504],[-0.001994437543938623,0.007964209170844685,-0.2261397754606023,0.07042622964330639,0.05076647324729269,0.09394740243299698,-0.07551820395360487],[0.09321889671608238,-0.5241528254260566,-0.49684379913379495,-0.3182681095680559,0.09394740243299698,1.0740641709165328,-0.46814757652308636],[0.09854592286271152,-0.5272736010261762,0.2278222732225259,-0.3175402172763504,-0.07551820395360487,-0.46814757652308636,0.9066191366022499]],"SCF Iteration":10}{"Fock Matrix":[[-26.382494954220924,-5.060546291626138,0.004385951722242279,-0.01896105348321319,-0.014554249822485796,-0.8442699393711253,-0.6972515585620062],[-5.060546291626138,-5.736354304136104,0.1418524043632325,0.011519517758371567,-0.0032240631039701963,-0.890204463300619,-0.5961227254547938],[0.004385951722242279,0.1418524043632325,-4.742687842264665,-0.21834441428784432,1.0467052602893148,-0.29349525549363475,1.4151139338688248],[-0.01896105348321319,0.011519517758371567,-0.21834441428784432,-5.292301430701457,-0.3246036013906471,-0.35899241957922867,0.147506805994696],[-0.014554249822485796,-0.0032240631039701963,1.0467052602893148,-0.3246036013906471,-0.11016276027901917,-0.01024876154167494,0.015066763424881145],[-0.8442699393711253,-0.890204463300619,-0.29349525549363475,-0.35899241957922867,-0.01024876154167494,-2.146226250210344,-0.03555518279413672],[-0.6972515585620062,-0.5961227254547938,1.4151139338688248,0.147506805994696,0.015066763424881145,-0.03555518279413672,-2.3232467250920963]],"Density Matrix":[[1.0656842165421632,-0.30621489817656405,0.008625295581651524,-0.026237396658302777,-0.001995018275402616,0.09321918617763364,0.09854561748996145],[-0.30621489817656405,1.462326751882943,-0.005376285574657196,0.2088385955541892,0.007965810548506942,-0.5241532782177815,-0.5272731348749188],[0.008625295581651524,-0.005376285574657196,1.1096605460326152,-0.002187096353836366,-0.22617522560626535,-0.4968350202188593,0.22781912993518752],[-0.026237396658302777,0.2088385955541892,-0.002187096353836366,1.0990188434227581,0.07042952625416898,-0.31827100657396823,-0.3175392482975578],[-0.001995018275402616,0.007965810548506942,-0.22617522560626535,0.07042952625416898,0.050782271895589766,0.09396598930426628,-0.07553160301071245],[0.09321918617763364,-0.5241532782177815,-0.4968350202188593,-0.31827100657396823,0.09396598930426628,1.0740547268357203,-0.46814549856041354],[0.09854561748996145,-0.5272731348749188,0.22781912993518752,-0.3175392482975578,-0.07553160301071245,-0.46814549856041354,0.9066236544886701]],"SCF Iteration":11}{"Fock Matrix":[[-26.38249617151293,-5.060546682655854,0.00438591967009839,-0.018961245542124458,-0.01455420085512779,-0.8442702140948446,-0.6972511638123273],[-5.060546682655854,-5.736354898383411,0.14185189716868135,0.011519524349154042,-0.00322441051625718,-0.8902041328748251,-0.5961232805889951],[0.00438591967009839,0.14185189716868135,-4.742675266751606,-0.2183449355927401,1.0467375880752228,-0.2934956201089707,1.4151144373448736],[-0.018961245542124458,0.011519524349154042,-0.2183449355927401,-5.292293080636718,-0.32460804595828613,-0.35899180016919596,0.14750356764431882],[-0.01455420085512779,-0.00322441051625718,1.0467375880752228,-0.32460804595828613,-0.11017194878346981,-0.010249821942047184,0.015068249568202782],[-0.8442702140948446,-0.8902041328748251,-0.2934956201089707,-0.35899180016919596,-0.010249821942047184,-2.146226791684553,-0.03555555248926434],[-0.6972511638123273,-0.5961232805889951,1.4151144373448736,0.14750356764431882,0.015068249568202782,-0.03555555248926434,-2.3232478151010136]],"Density Matrix":[[1.0656842145289804,-0.306214887755455,0.008625184154767993,-0.02623735977654815,-0.0019952867347730243,0.09321928635453379,0.09854553449623614],[-0.306214887755455,1.46232672833639,-0.005375974166180883,0.20883849369786228,0.007966610635785841,-0.5241535508206534,-0.5272730736400704],[0.008625184154767993,-0.005375974166180883,1.109652988572963,-0.0021853801142311027,-0.22619058164816866,-0.49683149091964895,0.22781690600745844],[-0.02623735977654815,0.20883849369786228,-0.0021853801142311027,1.099018459131338,0.07043155697953288,-0.31827210560095937,-0.3175386710660016],[-0.0019952867347730243,0.007966610635785841,-0.22619058164816866,0.07043155697953288,0.050789218838340026,0.09397409381915878,-0.07553752116119833],[0.09321928635453379,-0.5241535508206534,-0.49683149091964895,-0.31827210560095937,0.09397409381915878,1.0740517391413655,-0.4681443071416336],[0.09854553449623614,-0.5272730736400704,0.22781690600745844,-0.3175386710660016,-0.07553752116119833,-0.4681443071416336,0.9066245165251603]],"SCF Iteration":12}{"Fock Matrix":[[-26.38249672455303,-5.060546849545261,0.004385898499453318,-0.01896132476098885,-0.014554186087033433,-0.844270354738866,-0.6972509941269744],[-5.060546849545261,-5.7363551624827265,0.14185166992556808,0.011519487661586031,-0.0032245561376837636,-0.8902039272988671,-0.5961235379102812],[0.004385898499453318,0.14185166992556808,-4.74266972393314,-0.2183452272137424,1.0467516700695045,-0.293495733353885,1.41511486683007],[-0.01896132476098885,0.011519487661586031,-0.2183452272137424,-5.292289398485686,-0.32461036312965635,-0.3589915464464719,0.14750200252463586],[-0.014554186087033433,-0.0032245561376837636,1.0467516700695045,-0.32461036312965635,-0.1101759860852436,-0.010250302896711656,0.015068893441963096],[-0.844270354738866,-0.8902039272988671,-0.293495733353885,-0.3589915464464719,-0.010250302896711656,-2.146227060999485,-0.03555571295174009],[-0.6972509941269744,-0.5961235379102812,1.41511486683007,0.14750200252463586,0.015068893441963096,-0.03555571295174009,-2.323248304757602]],"Density Matrix":[[1.065684214014815,-0.30621488600281654,0.008625140053751772,-0.026237354388980925,-0.0019953991008070165,0.0932193359822804,0.09854549232753632],[-0.30621488600281654,1.4623267224203185,-0.0053758306310724745,0.20883846230624808,0.00796694662827855,-0.5241536409728077,-0.527273001577336],[0.008625140053751772,-0.0053758306310724745,1.1096496486457192,-0.0021845375514107975,-0.22619726762294903,-0.49683005750501624,0.22781587380114757],[-0.026237354388980925,0.20883846230624808,-0.0021845375514107975,1.0990183060869494,0.0704326356945148,-0.31827248402388475,-0.3175382197935892],[-0.0019953991008070165,0.00796694662827855,-0.22619726762294903,0.0704326356945148,0.050792274051831975,0.0939776280621336,-0.07554014025295416],[0.0932193359822804,-0.5241536409728077,-0.49683005750501624,-0.31827248402388475,0.0939776280621336,1.0740502048540639,-0.4681438840534832],[0.09854549232753632,-0.527273001577336,0.22781587380114757,-0.3175382197935892,-0.07554014025295416,-0.4681438840534832,0.9066249994764237]],"SCF Iteration":13}{"Fock Matrix":[[-26.382497007993337,-5.060546936685629,0.004385888610089938,-0.018961359535578495,-0.01455418086799085,-0.8442704119900424,-0.6972509334942534],[-5.060546936685629,-5.736355296937034,0.14185158099209222,0.011519466527419725,-0.003224618627724718,-0.8902038602843554,-0.5961236616367569],[0.004385888610089938,0.14185158099209222,-4.742667291366798,-0.21834534729100855,1.0467578140978084,-0.2934957745990574,1.4151150883451131],[-0.018961359535578495,0.011519466527419725,-0.21834534729100855,-5.292287773059693,-0.3246115081184807,-0.35899145899968543,0.14750123383256297],[-0.01455418086799085,-0.003224618627724718,1.0467578140978084,-0.3246115081184807,-0.11017781657356185,-0.010250518244962724,0.015069170548793708],[-0.8442704119900424,-0.8902038602843554,-0.2934957745990574,-0.35899145899968543,-0.010250518244962724,-2.1462271851453663,-0.03555578806508741],[-0.6972509334942534,-0.5961236616367569,1.4151150883451131,0.14750123383256297,0.015069170548793708,-0.03555578806508741,-2.3232485391341124]],"Density Matrix":[[1.0656842137022204,-0.30621488499741184,0.008625123592391195,-0.026237353116508228,-0.001995448413569752,0.09321935653163814,0.09854547615716121],[-0.30621488499741184,1.4623267194489462,-0.005375769992265861,0.20883844832496784,0.007967098008938016,-0.5241536819579788,-0.5272729741333171],[0.008625123592391195,-0.005375769992265861,1.1096481614573903,-0.0021841509533832293,-0.22620018558476962,-0.49682945831365294,0.22781536838224176],[-0.026237353116508228,0.20883844832496784,-0.0021841509533832293,1.0990182343901331,0.07043317672612556,-0.31827263444968,-0.3175379972620132],[-0.001995448413569752,0.007967098008938016,-0.22620018558476962,0.07043317672612556,0.050793618358147066,0.09397916508714994,-0.0755412931426044],[0.09321935653163814,-0.5241536819579788,-0.49682945831365294,-0.31827263444968,0.09397916508714994,1.0740495815826927,-0.4681436908021749],[0.09854547615716121,-0.5272729741333171,0.22781536838224176,-0.3175379972620132,-0.0755412931426044,-0.4681436908021749,0.9066251567207981]],"SCF Iteration":14}{"Fock Matrix":[[-26.38249713824151,-5.060546975939067,0.0043858838055431774,-0.018961374426996302,-0.014554179079658761,-0.8442704379054433,-0.6972509082225683],[-5.060546975939067,-5.736355357885492,0.1418515426559268,0.011519454645319532,-0.0032246452143668107,-0.8902038295403463,-0.5961237177540846],[0.0043858838055431774,0.1418515426559268,-4.742666220368092,-0.21834540422381568,1.0467605015317998,-0.29349578929618625,1.4151152003593785],[-0.018961374426996302,0.011519454645319532,-0.21834540422381568,-5.292287055942799,-0.32461205380946884,-0.3589914236020082,0.14750088144626328],[-0.014554179079658761,-0.0032246452143668107,1.0467605015317998,-0.32461205380946884,-0.11017862652979371,-0.01025061357770184,0.015069290745209102],[-0.8442704379054433,-0.8902038295403463,-0.29349578929618625,-0.3589914236020082,-0.01025061357770184,-2.146227241869596,-0.035555821338658644],[-0.6972509082225683,-0.5961237177540846,1.4151152003593785,0.14750088144626328,0.015069290745209102,-0.035555821338658644,-2.323248644729741]],"Density Matrix":[[1.065684213583964,-0.306214884710065,0.008625116900052507,-0.026237353245730347,-0.00199546963931988,0.09321936573032218,0.09854546888622107],[-0.306214884710065,1.4623267183831508,-0.005375743162556457,0.20883844289289288,0.007967163785109931,-0.524153698223695,-0.5272729596990472],[0.008625116900052507,-0.005375743162556457,1.1096475055285866,-0.00218397340249,-0.22620146187575052,-0.49682920516225604,0.2278151389457923],[-0.026237353245730347,0.20883844289289288,-0.00218397340249,1.0990182024326687,0.07043343671042958,-0.31827269391742513,-0.3175378860633354],[-0.00199546963931988,0.007967163785109931,-0.22620146187575052,0.07043343671042958,0.050794209813626125,0.0939798344481339,-0.07554180062785772],[0.09321936573032218,-0.524153698223695,-0.49682920516225604,-0.31827269391742513,0.0939798344481339,1.0740492998507873,-0.4681436112404041],[0.09854546888622107,-0.5272729596990472,0.2278151389457923,-0.3175378860633354,-0.07554180062785772,-0.4681436112404041,0.90662522748674]],"SCF Iteration":15}{"Fock Matrix":[[-26.38249719873797,-5.060546994112119,0.004385881619392245,-0.01896138090824256,-0.01455417841534799,-0.8442704490892234,-0.6972508980517828],[-5.060546994112119,-5.736355385960634,0.14185152654073077,0.011519448935850551,-0.0032246566296358723,-0.8902038173595512,-0.5961237432194442],[0.004385881619392245,0.14185152654073077,-4.742665749304628,-0.21834542950809854,1.0467616783745768,-0.29349579495414635,1.4151152527645812],[-0.01896138090824256,0.011519448935850551,-0.21834542950809854,-5.2922867396630515,-0.32461230810559805,-0.3589914097089778,0.14750072067269637],[-0.01455417841534799,-0.0032246566296358723,1.0467616783745768,-0.32461230810559805,-0.11017898654095859,-0.010250655616149231,0.015069342916332211],[-0.8442704490892234,-0.8902038173595512,-0.29349579495414635,-0.3589914097089778,-0.010250655616149231,-2.146227267289433,-0.03555583625342629],[-0.6972508980517828,-0.5961237432194442,1.4151152527645812,0.14750072067269637,0.015069342916332211,-0.03555583625342629,-2.3232486926058695]],"Density Matrix":[[1.065684213530088,-0.30621488458681,0.008625114182765545,-0.026237353418504743,-0.0019954788895384552,0.09321936969835916,0.09854546580493835],[-0.30621488458681,1.4623267179185506,-0.005375731498851875,0.2088384405434495,0.007967192797313411,-0.5241537052545807,-0.5272729533593981],[0.008625114182765545,-0.005375731498851875,1.10964721601475,-0.0021838933820708863,-0.22620202083735128,-0.49682909684833976,0.22781503448386695],[-0.026237353418504743,0.2088384405434495,-0.0021838933820708863,1.0990181877857528,0.07043355862979117,-0.31827271876061886,-0.31753783460918916],[-0.0019954788895384552,0.007967192797313411,-0.22620202083735128,0.07043355862979117,0.05079447003074619,0.09398012617018171,-0.0755420237241871],[0.09321936969835916,-0.5241537052545807,-0.49682909684833976,-0.31827271876061886,0.09398012617018171,1.0740491785549064,-0.46814357636690646],[0.09854546580493835,-0.5272729533593981,0.22781503448386695,-0.31753783460918916,-0.0755420237241871,-0.46814357636690646,0.906625255578472]],"SCF Iteration":16}
=======
