{"Core Hamiltonian":[[-32.57739541261033,-7.578832816647488,0.0,-0.014473835903318,0.0,-1.240102256333302,-1.240102256333303],[-7.578832816647488,-9.20094327192934,0.0,-0.176890246723779,0.0,-2.906709830220527,-2.906709830220527],[0.0,0.0,-7.458819309224371,0.0,0.0,-1.6751501447186712,1.675150144718672],[-0.014473835903318,-0.176890246723779,0.0,-7.415311754245677,0.0,-1.3568682579595641,-1.3568682579595641],[0.0,0.0,0.0,0.0,-7.347144867731366,0.0,1.0e-15],[-1.240102256333302,-2.906709830220527,-1.6751501447186712,-1.3568682579595641,0.0,-4.540171070273183,-1.071145883317951],[-1.240102256333303,-2.906709830220527,1.675150144718672,-1.3568682579595641,1.0e-15,-1.071145883317951,-4.540171070273184]]}{"Orthogonalization Matrix":[[1.023634578643715,-0.13685468056658906,-1.1605986915867963e-17,-0.007487256134000406,-1.3042038172663501e-17,0.019027886477314265,0.019027886477314335],[-0.13685468056658906,1.1578631969246134,-4.620280698093622e-16,0.07216006803679552,8.22875491310007e-17,-0.22233255557214335,-0.2223325555721448],[-1.1605986915867963e-17,-4.620280698093627e-16,1.0733147513478078,-1.0111893985194772e-16,5.964339634912108e-18,-0.1757583051625564,0.1757583051625564],[-0.007487256134000406,0.07216006803679557,-1.0111893985194816e-16,1.038305047059708,8.216663005938676e-17,-0.11846255948087292,-0.11846255948087292],[-1.3042038172663501e-17,8.22875491310008e-17,5.964339634912108e-18,8.216663005938676e-17,1.0,-3.627139230978984e-17,-1.4289955564953764e-16],[0.019027886477314265,-0.2223325555721434,-0.17575830516255633,-0.11846255948087292,-3.6271392309789936e-17,1.1297234191462318,-0.0625975107549927],[0.019027886477314362,-0.22233255557214476,0.17575830516255644,-0.11846255948087285,-1.4289955564953764e-16,-0.06259751075499279,1.1297234191462318]]}{"Initial Fock Matrix":[[-32.254586617710174,-2.791490942196648,3.4243441415782172e-15,0.008610981194658016,1.6766218741173223e-16,-0.18129665037200987,-0.18129665037200565],[-2.791490942196647,-8.236889124504396,5.384581669432009e-15,-0.22829257340462064,-1.1082165194074589e-15,-0.38579868259380967,-0.38579868259379346],[3.4416913763379853e-15,5.440092820663267e-15,-7.542889038317313,1.4432899320127035e-15,-3.900025670998282e-17,-0.113212060226803,0.11321206022680419],[0.008610981194658043,-0.22829257340462047,1.4155343563970746e-15,-7.457029489953446,-1.1682610095619173e-15,-0.11021959970707013,-0.11021959970707046],[1.6766218741173228e-16,-1.1082165194074589e-15,-3.900025670998284e-17,-1.1682610095619171e-15,-7.347144867731366,2.6945865236901836e-16,2.631626825899984e-15],[-0.18129665037201023,-0.3857986825938098,-0.11321206022680275,-0.11021959970706982,2.694586523690183e-16,-4.032954696229745,-0.04464659845313931],[-0.18129665037200593,-0.3857986825937938,0.1132120602268043,-0.1102195997070704,2.6316268258999833e-15,-0.04464659845313934,-4.0329546962297425]]}{"Initial Density Matrix":[[1.065011714327751,-0.28521658544198775,-3.562135948763673e-16,-0.0195533696763944,-3.832248982991467e-16,0.03344955980762794,0.033449559807628884],[-0.28521658544198775,1.248965698477248,2.3267427589627715e-16,0.11355938709570529,1.6756769166501095e-16,-0.14428093241128903,-0.14428093241129586],[-3.562135948763673e-16,2.3267427589627715e-16,1.1258700552266883,-3.4940358063885145e-15,-4.884702602359804e-16,-0.1461316510482763,0.14613165104827736],[-0.0195533696763944,0.11355938709570529,-3.4940358063885145e-15,1.0660637654500522,1.6173057222945844e-16,-0.09935832000160108,-0.09935832000160189],[-3.832248982991467e-16,1.6756769166501095e-16,-4.884702602359804e-16,1.6173057222945844e-16,0.9999999999999996,1.3110005478109493e-15,-1.2590139413335108e-15],[0.03344955980762794,-0.14428093241128903,-0.1461316510482763,-0.09935832000160108,1.3110005478109493e-15,0.042680160429604395,0.004746014585757],[0.033449559807628884,-0.14428093241129586,0.14613165104827736,-0.09935832000160189,-1.2590139413335108e-15,0.004746014585757,0.04268016042960614]]}{"Fock Matrix":[[-18.70622228897703,-4.848290182273161,-0.0022644777183183883,-0.010781827271916004,3.7445800049524307e-16,-0.8028383804244599,-0.8036621743085817],[-4.8482901822731606,-1.7049639124636258,0.00756924935692015,-0.1749274882699288,2.364944578146228e-18,-0.5531952437102414,-0.550557077463512],[-0.002264477718318389,0.007569249356920143,0.24509289928515798,0.013648792365370569,1.3597177874156572e-16,-0.15791523041813682,1.6606588575535826],[-0.010781827271916006,-0.1749274882699288,0.01364879236537057,0.32951213862481854,-1.0949979860872271e-16,-0.16806798060726935,-0.16213079370768746],[3.7445800049524307e-16,2.3649445781462525e-18,1.3597177874156574e-16,-1.0949979860872274e-16,0.3986079055011693,-4.0353159645349424e-16,1.3856170044339063e-15],[-0.8028383804244599,-0.5531952437102392,-0.15791523041813682,-0.1680679806072698,-4.0353159645349415e-16,-0.102003580556711,-0.17739826612944742],[-0.8036621743085814,-0.5505570774635102,1.6606588575535826,-0.16213079370768702,1.3856170044339063e-15,-0.17739826612944665,-0.07711899870864958]],"Density Matrix":[[1.065011714327751,-0.28521658544198775,-3.562135948763673e-16,-0.0195533696763944,-3.832248982991467e-16,0.03344955980762794,0.033449559807628884],[-0.28521658544198775,1.248965698477248,2.3267427589627715e-16,0.11355938709570529,1.6756769166501095e-16,-0.14428093241128903,-0.14428093241129586],[-3.562135948763673e-16,2.3267427589627715e-16,1.1258700552266883,-3.4940358063885145e-15,-4.884702602359804e-16,-0.1461316510482763,0.14613165104827736],[-0.0195533696763944,0.11355938709570529,-3.4940358063885145e-15,1.0660637654500522,1.6173057222945844e-16,-0.09935832000160108,-0.09935832000160189],[-3.832248982991467e-16,1.6756769166501095e-16,-4.884702602359804e-16,1.6173057222945844e-16,0.9999999999999996,1.3110005478109493e-15,-1.2590139413335108e-15],[0.03344955980762794,-0.14428093241128903,-0.1461316510482763,-0.09935832000160108,1.3110005478109493e-15,0.042680160429604395,0.004746014585757],[0.033449559807628884,-0.14428093241129586,0.14613165104827736,-0.09935832000160189,-1.2590139413335108e-15,0.004746014585757,0.04268016042960614]],"SCF Iteration":1}{"Fock Matrix":[[-20.97411665834538,-5.3145424623820405,0.01877220426537683,-0.014018596816220738,1.1946060828201469e-17,-0.8757183939209559,-0.8744565039349478],[-5.31454246238204,-2.8793632869401717,0.08238914135673295,-0.06362856699618431,5.851500200042753e-17,-0.8783219375991091,-0.9112241314715002],[0.018772204265376832,0.08238914135673295,-0.5830763892596931,-0.02985320127157297,2.8901419548323077e-16,-0.3070000028590272,1.7448555215228472],[-0.014018596816220738,-0.06362856699618429,-0.029853201271572972,-0.521672388868617,-1.7082228808546746e-15,-0.39672820993961955,-0.2846362010033421],[1.1946060828201506e-17,5.85150020004274e-17,2.8901419548323077e-16,-1.7082228808546748e-15,-0.8875777807864491,4.664246447924245e-16,1.0315692991438418e-15],[-0.8757183939209556,-0.8783219375991091,-0.3070000028590274,-0.39672820993962,4.664246447924243e-16,-0.5126108463213841,-0.32410368725233596],[-0.8744565039349477,-0.9112241314715006,1.7448555215228472,-0.2846362010033414,1.031569299143842e-15,-0.32410368725233596,-0.6171264846216347]],"Density Matrix":[[1.063371572691186,-0.2813008168687122,-0.03248326122237797,0.021060826550414934,-1.330599582443452e-16,0.049277366247069465,0.026813833640090885],[-0.2813008168687122,1.2894927100201046,0.2041953742608096,-0.13186047489645936,1.33071008918049e-15,-0.3508253926232391,-0.22181230921976228],[-0.03248326122237797,0.2041953742608096,0.3907715083397472,0.044216083370511396,3.993145522259813e-17,-0.03181666381539247,-0.4325485220308236],[0.021060826550414934,-0.13186047489645936,0.044216083370511396,0.20927083266664043,3.2033853988935155e-15,0.3790478796485762,-0.010493082562656735],[-1.330599582443452e-16,1.33071008918049e-15,3.993145522259813e-17,3.2033853988935155e-15,1.0,-2.316638055099243e-15,-9.939929083910837e-16],[0.049277366247069465,-0.3508253926232391,-0.03181666381539247,0.3790478796485762,-2.316638055099243e-15,0.7212985243198694,0.10592931075951956],[0.026813833640090885,-0.22181230921976228,-0.4325485220308236,-0.010493082562656735,-9.939929083910837e-16,0.10592931075951956,0.4871128813459358]],"SCF Iteration":2}{"Fock Matrix":[[-20.39925244241082,-5.19924440068305,0.01229887082528444,-0.01935148991405608,-1.2611064920819664e-16,-0.8580021064117436,-0.8568284243901045],[-5.19924440068305,-2.607203801586195,0.029755611287074463,-0.10885522014646812,4.3784480557920175e-18,-0.8481198526971849,-0.8322558022394326],[0.012298870825284448,0.02975561128707449,-0.31652203596091155,-0.05745938011400823,2.757401979740032e-16,-0.2850777361536809,1.7457517287751014],[-0.019351489914056087,-0.10885522014646816,-0.05745938011400825,-0.473062407359194,-5.533785953167538e-16,-0.41042670928683556,-0.2975915620442151],[-1.2611064920819662e-16,4.378448055791993e-18,2.7574019797400323e-16,-5.533785953167539e-16,-0.5781858645529603,4.331284402498638e-16,1.157731681347492e-15],[-0.8580021064117436,-0.8481198526971849,-0.28507773615368115,-0.4104267092868352,4.331284402498638e-16,-0.5013793188622255,-0.3078312481204707],[-0.8568284243901045,-0.8322558022394331,1.7457517287751014,-0.29759156204421466,1.157731681347492e-15,-0.30783124812047036,-0.5100974904016056]],"Density Matrix":[[1.0606467838832991,-0.2635213923251338,-0.025183108741592936,0.026517194687662157,2.0670400750934218e-17,0.00935288447249662,0.024669329483079636],[-0.2635213923251338,1.1736859976519831,0.16933776904133643,-0.15788501345444156,1.0580678526284118e-15,-0.10281178817928291,-0.19684625879062723],[-0.025183108741592936,0.16933776904133643,0.43887627020218584,0.08083554340694511,-8.789007312547413e-17,-0.009270760762977066,-0.42824619865684244],[0.026517194687662157,-0.15788501345444156,0.08083554340694511,0.6116576066390667,1.2628753488894668e-15,0.3742323922917602,-0.0003812718131374279],[2.0670400750934218e-17,1.0580678526284118e-15,-8.789007312547413e-17,1.2628753488894668e-15,0.9999999999999998,-1.6139250134626835e-15,-8.224702120692866e-16],[0.00935288447249662,-0.10281178817928291,-0.009270760762977066,0.3742323922917602,-1.6139250134626835e-15,0.23743761161200488,0.058402347586609345],[0.024669329483079636,-0.19684625879062723,-0.42824619865684244,-0.0003812718131374279,-8.224702120692866e-16,0.058402347586609345,0.42827299275567576]],"SCF Iteration":3}{"Fock Matrix":[[-20.449634674980082,-5.210171041737686,0.013465515544305572,-0.021442272295761775,9.716095816718971e-17,-0.8594302832363444,-0.8585748869196006],[-5.210171041737686,-2.6266778572274907,0.027387144327823867,-0.10233516681868739,2.9941352302198406e-17,-0.8612129215416453,-0.8386718871019356],[0.013465515544305563,0.02738714432782388,-0.32624726165181794,-0.05718569813474071,2.5278297323509125e-16,-0.29011061212135236,1.7446587982761206],[-0.021442272295761768,-0.10233516681868741,-0.05718569813474071,-0.4983293287833872,-5.431795290592537e-16,-0.4119589966565338,-0.29647664595474454],[9.716095816718975e-17,2.9941352302198357e-17,2.5278297323509125e-16,-5.431795290592538e-16,-0.6032113789789006,4.007784251619108e-16,1.1403146224944604e-15],[-0.8594302832363445,-0.8612129215416453,-0.2901106121213519,-0.4119589966565338,4.0077842516191085e-16,-0.5154607601637728,-0.31215847645548345],[-0.8585748869196008,-0.8386718871019352,1.7446587982761206,-0.29647664595474454,1.1403146224944604e-15,-0.31215847645548356,-0.5191696602964608]],"Density Matrix":[[1.059243898178138,-0.2565452584682295,-0.02633791636001086,0.03222216083883442,-1.880357401090275e-16,0.0013454879810715012,0.02276849998699229],[-0.2565452584682295,1.1419147834947392,0.17440256689930397,-0.1773967880367241,9.939909289348282e-16,-0.0735421609970015,-0.19335861733071583],[-0.02633791636001086,0.17440256689930397,0.41411161899645244,0.08034180345538386,-7.531915505178612e-17,-0.007654732180738009,-0.4299881509192582],[0.03222216083883442,-0.1773967880367241,0.08034180345538386,0.615067499323645,1.217418824964551e-15,0.374276466881309,-0.009346150571018619],[-1.880357401090275e-16,9.939909289348282e-16,-7.531915505178612e-17,1.217418824964551e-15,1.0,-1.5044202182625325e-15,-7.526957223954717e-16],[0.0013454879810715012,-0.0735421609970015,-0.007654732180738009,0.374276466881309,-1.5044202182625325e-15,0.23961550342693302,0.05529156699354785],[0.02276849998699229,-0.19335861733071583,-0.4299881509192582,-0.009346150571018619,-7.526957223954717e-16,0.05529156699354785,0.455854633134971]],"SCF Iteration":4}{"Fock Matrix":[[-20.440170996851457,-5.208477207310317,0.01348594483299853,-0.02187626999298257,-3.6450150633407676e-17,-0.8590985704512555,-0.8583165423181758],[-5.208477207310317,-2.6210218684296533,0.025710559136279135,-0.1025785836949048,-1.1905017308482657e-17,-0.8625170104582902,-0.8373558355834128],[0.013485944832998524,0.025710559136279107,-0.32110530897734346,-0.05665653030258191,1.3255252068290993e-16,-0.2901640251748998,1.7446315088707223],[-0.021876269992982568,-0.10257858369490477,-0.056656530302581914,-0.49957580067734053,1.4437155840844163e-16,-0.4106252155670932,-0.29647117076292373],[-3.645015063340769e-17,-1.1905017308482657e-17,1.3255252068290988e-16,1.4437155840844165e-16,-0.5977280895433994,-1.6712590179220832e-16,1.1958646651740675e-15],[-0.8590985704512556,-0.8625170104582893,-0.29016402517490025,-0.4106252155670932,-1.6712590179220825e-16,-0.5166541162717655,-0.3120257838484498],[-0.8583165423181758,-0.8373558355834136,1.7446315088707223,-0.29647117076292306,1.1958646651740675e-15,-0.3120257838484498,-0.5179165251275037]],"Density Matrix":[[1.0588197055070967,-0.2543228408405288,-0.02619908364679458,0.033174331902118624,4.0217249557608967e-17,-0.0015873720950050699,0.022157331053450004],[-0.2543228408405288,1.1306894135835028,0.1736261068180763,-0.17993571666694794,-6.443523888808476e-17,-0.060088560431210566,-0.19067795538432633],[-0.02619908364679458,0.1736261068180763,0.41401964415574416,0.08046166376982578,-3.5734760836013115e-16,-0.007190562931612122,-0.429885580698361],[0.033174331902118624,-0.17993571666694794,0.08046166376982578,0.6276245762747914,-2.5670919964882075e-16,0.36881542863417843,-0.010388097166678364],[4.0217249557608967e-17,-6.443523888808476e-17,-3.5734760836013115e-16,-2.5670919964882075e-16,1.0,7.155537791301336e-16,-5.207306551600685e-16],[-0.0015873720950050699,-0.060088560431210566,-0.007190562931612122,0.36881542863417843,7.155537791301336e-16,0.22944855826780852,0.052883706884295806],[0.022157331053450004,-0.19067795538432633,-0.429885580698361,-0.010388097166678364,-5.207306551600685e-16,0.052883706884295806,0.45537489203212195]],"SCF Iteration":5}{"Fock Matrix":[[-20.43922052788652,-5.208362884388293,0.01351557809591189,-0.02203823392666192,-6.167435549524352e-18,-0.859057241956118,-0.8583028989072894],[-5.208362884388293,-2.6200963119059253,0.02525460701034561,-0.10246128491852827,-1.4722771845295716e-17,-0.8631926407523194,-0.8372021746273317],[0.013515578095911888,0.025254607010345584,-0.32015827294743016,-0.056446114373862925,1.3177799561251537e-16,-0.2903629040298743,1.7445904988288792],[-0.022038233926661925,-0.10246128491852828,-0.056446114373862884,-0.5005400175382384,-4.121198244331402e-17,-0.41029785018389486,-0.2964667598145412],[-6.167435549524358e-18,-1.4722771845295703e-17,1.3177799561251535e-16,-4.121198244331402e-17,-0.5970329074381695,-6.087447377070328e-17,1.1668100898367442e-15],[-0.8590572419561182,-0.8631926407523198,-0.29036290402987386,-0.41029785018389486,-6.08744737707033e-17,-0.5173193078819365,-0.3120812481245192],[-0.8583028989072892,-0.8372021746273308,1.7445904988288794,-0.2964667598145414,1.1668100898367442e-15,-0.31208124812451965,-0.5178779156219946]],"Density Matrix":[[1.0586684885115774,-0.2535460901401241,-0.02617260523711326,0.03356692886080251,-1.6287673387360828e-17,-0.0025524637131345146,0.02194160279404837],[-0.2535460901401241,1.126869775585769,0.1734513023738359,-0.18111820321424435,2.0478844508379971e-16,-0.05587287637724231,-0.18981409201785107],[-0.02617260523711326,0.1734513023738359,0.41337155403461834,0.08034601743795372,-2.5427953347241656e-16,-0.0068654087632345345,-0.4298437356770071],[0.03356692886080251,-0.18111820321424435,0.08034601743795372,0.6307896804400528,1.1707100055276585e-16,0.3674183352199283,-0.010767648901322896],[-1.6287673387360828e-17,2.0478844508379971e-16,-2.5427953347241656e-16,1.1707100055276585e-16,1.0,2.3342274678849603e-16,-5.543293698519926e-16],[-0.0025524637131345146,-0.05587287637724231,-0.0068654087632345345,0.3674183352199283,2.3342274678849603e-16,0.22709221547049818,0.05205270445738981],[0.02194160279404837,-0.18981409201785107,-0.4298437356770071,-0.010767648901322896,-5.543293698519926e-16,0.05205270445738981,0.45588043947038326]],"SCF Iteration":6}{"Fock Matrix":[[-20.438733366677084,-5.208290364066631,0.013522265778407077,-0.02209075943149143,-2.233710034213486e-16,-0.85903831800453,-0.8582929966844647],[-5.208290364066631,-2.619704470579115,0.025097466707465085,-0.10243779895344922,-4.8153484738461196e-17,-0.8634016270183578,-0.8371293859402447],[0.01352226577840708,0.025097466707465085,-0.3197895011535543,-0.0563668017430569,7.258074406073163e-17,-0.29042571356626046,1.7445789200112174],[-0.022090759431491424,-0.1024377989534492,-0.05636680174305688,-0.5008162581840345,1.943754059649835e-16,-0.4101724012648226,-0.29647192870410666],[-2.2337100342134855e-16,-4.8153484738461183e-17,7.258074406073165e-17,1.9437540596498347e-16,-0.5967083102470996,-2.058348318069053e-16,1.1712874425937749e-15],[-0.8590383180045298,-0.8634016270183569,-0.29042571356626024,-0.4101724012648226,-2.0583483180690523e-16,-0.5175219035285163,-0.3120864550416529],[-0.8582929966844648,-0.837129385940246,1.7445789200112174,-0.29647192870410666,1.1712874425937749e-15,-0.3120864550416529,-0.5178404589116834]],"Density Matrix":[[1.0586175118925343,-0.2532831040506948,-0.026157541128006084,0.03369317250913921,2.218144264029162e-16,-0.0028812837511133296,0.021867355538645848],[-0.2532831040506948,1.1255664186363759,0.17336172813448159,-0.1814945523131144,-1.0429585522015757e-16,-0.054416956162130714,-0.18950100313939983],[-0.026157541128006084,0.17336172813448159,0.41320467825326074,0.08029769217016552,-2.8364997952537847e-16,-0.006734792271339897,-0.4298211474857497],[0.03369317250913921,-0.1814945523131144,0.08029769217016552,0.6319247974548491,-3.630354166340671e-16,0.3669088241605538,-0.01086608684421498],[2.218144264029162e-16,-1.0429585522015757e-16,-2.8364997952537847e-16,-3.630354166340671e-16,0.9999999999999998,8.082292393956253e-16,-4.4043439780673405e-16],[-0.0028812837511133296,-0.054416956162130714,-0.006734792271339897,0.3669088241605538,8.082292393956253e-16,0.2262304101622659,0.05174356980894629],[0.021867355538645848,-0.18950100313939983,-0.4298211474857497,-0.01086608684421498,-4.4043439780673405e-16,0.05174356980894629,0.45597801654241166]],"SCF Iteration":7}{"Fock Matrix":[[-20.438583344126627,-5.208268857101039,0.01352450187551758,-0.0221087230206482,-1.2562382583227834e-16,-0.8590324069670623,-0.858290158705716],[-5.208268857101039,-2.619577572585049,0.025045252607014276,-0.10242845186412389,-3.8600896965049384e-17,-0.8634742593377087,-0.8371067274825759],[0.013524501875517582,0.02504525260701429,-0.3196702840853325,-0.056338806631673975,6.474953807346883e-17,-0.29044950657316093,1.7445746850897903],[-0.022108723020648195,-0.10242845186412393,-0.05633880663167398,-0.5009131717926545,7.499117141897738e-17,-0.4101302830093375,-0.2964745171201286],[-1.2562382583227834e-16,-3.8600896965049384e-17,6.474953807346883e-17,7.499117141897739e-17,-0.5966054838731196,-1.532526609413674e-16,1.148814293526049e-15],[-0.8590324069670622,-0.8634742593377087,-0.2904495065731616,-0.4101302830093374,-1.5325266094136743e-16,-0.5175927211143749,-0.31208832562127753],[-0.8582901587057161,-0.8371067274825768,1.7445746850897903,-0.2964745171201282,1.148814293526049e-15,-0.31208832562127753,-0.5178308310556732]],"Density Matrix":[[1.0586000984459867,-0.25319332585732196,-0.026152029854183877,0.03373671401400327,1.1417147688470247e-16,-0.002993079585110331,0.02184184818500206],[-0.25319332585732196,1.1251217379595895,0.1733290743085017,-0.1816260540684753,3.1162285099068584e-17,-0.053922879593693934,-0.18939303140618657],[-0.026152029854183877,0.1733290743085017,0.41314366312570194,0.08027817136027673,-2.1772226535569334e-16,-0.006685120048732543,-0.42981237142335016],[0.03373671401400327,-0.1816260540684753,0.08027817136027673,0.6323017448668985,-1.350249679450602e-16,0.36673913975396577,-0.010896209822679304],[1.1417147688470247e-16,3.1162285099068584e-17,-2.1772226535569334e-16,-1.350249679450602e-16,1.0,5.538369568779718e-16,-4.4244954558612025e-16],[-0.002993079585110331,-0.053922879593693934,-0.006685120048732543,0.36673913975396577,5.538369568779718e-16,0.22594506768417089,0.05163486013032947],[0.02184184818500206,-0.18939303140618657,-0.42981237142335016,-0.010896209822679304,-4.4244954558612025e-16,0.05163486013032947,0.4560139890263929]],"SCF Iteration":8}{"Fock Matrix":[[-20.438531823758353,-5.2082614365029505,0.013525210720782829,-0.022114834842127496,-2.9536988154767694e-16,-0.8590303879907938,-0.8582891818049232],[-5.20826143650295,-2.619534047920693,0.025027583678640178,-0.10242531868603598,-6.735058839139563e-17,-0.8634989213425404,-0.8370989753791189],[0.013525210720782827,0.025027583678640206,-0.3196297727204005,-0.056329073067842385,-2.1342573282287042e-17,-0.2904578576777619,1.7445732313639624],[-0.0221148348421275,-0.10242531868603597,-0.05632907306784238,-0.5009457993831328,3.7706476811043895e-16,-0.41011582783662637,-0.2964756080022488],[-2.9536988154767694e-16,-6.73505883913957e-17,-2.1342573282287054e-17,3.7706476811043895e-16,-0.596570123880011,-3.663886932641974e-16,1.1484221986401026e-15],[-0.8590303879907939,-0.8634989213425417,-0.2904578576777621,-0.4101158278366266,-3.6638869326419733e-16,-0.5176167842804738,-0.3120887983002739],[-0.858289181804923,-0.8370989753791198,1.7445732313639624,-0.29647560800224926,1.1484221986401026e-15,-0.31208879830027425,-0.5178276063924789]],"Density Matrix":[[1.058594165131859,-0.25316272198227424,-0.02615001461989218,0.03375155313157517,3.202690983377889e-16,-0.0030311860721716627,0.021833116580504644],[-0.25316272198227424,1.1249700310854567,0.17331722957890328,-0.18167106942849479,-4.188540481892236e-16,-0.05375431081484375,-0.18935580884964381],[-0.02615001461989218,0.17331722957890328,0.41312312790271,0.08027105346795058,-2.5923215449220164e-16,-0.006667256114550279,-0.42980912833527657],[0.03375155313157517,-0.18167106942849479,0.08027105346795058,0.6324298070549961,-7.706645372959226e-16,0.3666813768481798,-0.010905559652733848],[3.202690983377889e-16,-4.188540481892236e-16,-2.5923215449220164e-16,-7.706645372959226e-16,1.0,1.3840928971615225e-15,-2.6823731337975867e-16],[-0.0030311860721716627,-0.05375431081484375,-0.006667256114550279,0.3666813768481798,1.3840928971615225e-15,0.22584788349724633,0.05159702790052558],[0.021833116580504644,-0.18935580884964381,-0.42980912833527657,-0.010905559652733848,-2.6823731337975867e-16,0.05159702790052558,0.45602552182853123]],"SCF Iteration":9}{"Fock Matrix":[[-20.438514490503408,-5.208258951381122,0.013525445533305955,-0.022116921043939187,4.1223095839113587e-19,-0.8590297083960972,-0.8582888569177822],[-5.208258951381122,-2.61951929492845,0.02502159817082461,-0.10242423094006592,-1.327969759256141e-17,-0.8635073463263021,-0.8370963658021178],[0.013525445533305957,0.02502159817082457,-0.31961609193369345,-0.05632572363656321,6.010113259277294e-17,-0.2904607751563657,1.7445727279704761],[-0.02211692104393918,-0.10242423094006592,-0.05632572363656327,-0.5009569188142216,1.7277059301536186e-16,-0.4101109036041579,-0.2964760198434575],[4.1223095839113433e-19,-1.3279697592561385e-17,6.010113259277293e-17,1.7277059301536188e-16,-0.5965581668950843,-2.1167037905522951e-16,1.1627076298344e-15],[-0.8590297083960972,-0.8635073463263021,-0.2904607751563657,-0.4101109036041586,-2.1167037905522954e-16,-0.5176250152386555,-0.31208894626262806],[-0.8582888569177822,-0.8370963658021182,1.7445727279704761,-0.29647601984345706,1.1627076298344e-15,-0.31208894626262806,-0.5178265718588957]],"Density Matrix":[[1.0585921419603723,-0.25315228560385855,-0.02614930458297408,0.033756626590601406,1.195572732254015e-17,-0.003044176042960034,0.021830132835010417],[-0.25315228560385855,1.124918287342558,0.17331306892610782,-0.18168651905326866,-1.4706766823014665e-16,-0.053696849515831147,-0.18934305428036607],[-0.02614930458297408,0.17331306892610782,0.41311609596834703,0.0802685300977631,-2.687314436873298e-16,-0.006660972888287266,-0.42980797580854085],[0.033756626590601406,-0.18168651905326866,0.0802685300977631,0.6324732319641202,-3.38816568753633e-16,0.36666177407131045,-0.010908572865040808],[1.195572732254015e-17,-1.4706766823014665e-16,-2.687314436873298e-16,-3.38816568753633e-16,1.0,8.294893703026186e-16,-4.0484238125924856e-16],[-0.003044176042960034,-0.053696849515831147,-0.006660972888287266,0.36666177407131045,8.294893703026186e-16,0.22581490027361434,0.05158399318038799],[0.021830132835010417,-0.18934305428036607,-0.42980797580854085,-0.010908572865040808,-4.0484238125924856e-16,0.05158399318038799,0.45602940933149266]],"SCF Iteration":10}{"Fock Matrix":[[-20.438508610740094,-5.208258109653221,0.013525523921170998,-0.022117632825038522,-3.34941191019363e-16,-0.8590294779372986,-0.8582887472508486],[-5.208258109653221,-2.6195142750936613,0.02501956497568586,-0.10242385758314666,-4.872010667994205e-17,-0.8635102202904803,-0.8370954805721809],[0.013525523921171002,0.025019564975685873,-0.3196114498056293,-0.05632457634870815,1.1360709746670927e-16,-0.29046178306197556,1.7445725548133741],[-0.022117632825038525,-0.10242385758314668,-0.05632457634870815,-0.500960702981029,-3.4450810351066e-16,-0.41010922482956413,-0.29647616885183137],[-3.3494119101936306e-16,-4.872010667994207e-17,1.1360709746670925e-16,-3.445081035106601e-16,-0.5965541013220657,2.3033088735386823e-16,1.0951321225004022e-15],[-0.8590294779372987,-0.8635102202904807,-0.2904617830619751,-0.41010922482956425,2.3033088735386823e-16,-0.5176278248929442,-0.3120889935207868],[-0.8582887472508486,-0.8370954805721809,1.7445725548133741,-0.29647616885183137,1.0951321225004022e-15,-0.3120889935207868,-0.5178262299931564]],"Density Matrix":[[1.0585914522272264,-0.2531487273609433,-0.026149057371850918,0.033758358966208254,2.511919940614958e-16,-0.003048604581347099,0.021829114434214963],[-0.2531487273609433,1.1249006428646373,0.17331162344516113,-0.181691806313811,7.115867102271556e-16,-0.053677258944268336,-0.1893386930316028],[-0.026149057371850918,0.17331162344516113,0.4131136996425329,0.08026765211231358,2.5163948746484123e-17,-0.0066587924228302744,-0.42980757319971774],[0.033758358966208254,-0.181691806313811,0.08026765211231358,0.6324879937045299,7.825246390990703e-16,0.3666551067351913,-0.010909562134263535],[2.511919940614958e-16,7.115867102271556e-16,2.5163948746484123e-17,7.825246390990703e-16,0.9999999999999993,-9.554460336697152e-16,-5.390263253030935e-16],[-0.003048604581347099,-0.053677258944268336,-0.0066587924228302744,0.3666551067351913,-9.554460336697152e-16,0.22580367923503708,0.051579522741415265],[0.021829114434214963,-0.1893386930316028,-0.42980757319971774,-0.010909562134263535,-5.390263253030935e-16,0.051579522741415265,0.4560307177923811]],"SCF Iteration":11}{"Fock Matrix":[[-20.438506614776767,-5.208257824321263,0.013525550319169287,-0.022117875637970755,2.2804550110490107e-16,-0.8590293997012106,-0.8582887101697452],[-5.208257824321264,-2.619512566944593,0.025018873519458168,-0.10242372954331051,2.1537974158677893e-17,-0.8635112006578098,-0.8370951799870427],[0.013525550319169287,0.025018873519458182,-0.31960987280799635,-0.056324184370338995,1.9486906424615125e-16,-0.29046212957776385,1.7445724953855255],[-0.022117875637970748,-0.10242372954331053,-0.05632418437033903,-0.5009619920441821,-1.7987583577628514e-16,-0.4101086527608868,-0.2964762214567205],[2.2804550110490116e-16,2.1537974158677893e-17,1.9486906424615128e-16,-1.798758357762851e-16,-0.5965527188370956,7.89910643559235e-17,1.1769063941655073e-15],[-0.8590293997012106,-0.8635112006578103,-0.2904621295777645,-0.4101086527608866,7.89910643559235e-17,-0.5176287837670177,-0.31208900920088734],[-0.8582887101697452,-0.8370951799870423,1.7445724953855255,-0.29647622145672026,1.1769063941655075e-15,-0.3120890092008871,-0.5178261161445397]],"Density Matrix":[[1.0585912170985883,-0.25314751431680216,-0.02614897204497446,0.033758950240173724,-2.664403501078837e-16,-0.0030501142460641686,0.021828767067998585],[-0.25314751431680216,1.124894627268099,0.17331112517278688,-0.18169361354506072,4.710930668129887e-16,-0.05367058078720213,-0.18933720397890907],[-0.02614897204497446,0.17331112517278688,0.41311288261404244,0.08026734941154448,-2.4737563221522e-16,-0.006658041232790235,-0.42980743399176624],[0.033758950240173724,-0.18169361354506072,0.08026734941154448,0.6324930156323143,4.3205055690984777e-16,0.3666528377015028,-0.010909891402929188],[-2.664403501078837e-16,4.710930668129887e-16,-2.4737563221522e-16,4.3205055690984777e-16,1.0,-2.6371218975686227e-16,-6.588068736856822e-16],[-0.0030501142460641686,-0.05367058078720213,-0.006658041232790235,0.3666528377015028,-2.6371218975686227e-16,0.2257998600566497,0.05157799378685833],[0.021828767067998585,-0.18933720397890907,-0.42980743399176624,-0.010909891402929188,-6.588068736856822e-16,0.05157799378685833,0.45603116093339685]],"SCF Iteration":12}{"Fock Matrix":[[-20.438505936141418,-5.208257727389877,0.013525559247377899,-0.02211795844528186,3.789919579464898e-17,-0.859029373100131,-0.8582886975928189],[-5.208257727389879,-2.619511985324441,0.025018638171792604,-0.10242368573804889,4.64681752150211e-18,-0.8635115349715132,-0.8370950777648702],[0.013525559247377906,0.02501863817179259,-0.31960933642536027,-0.05632405062200228,1.2607044148542628e-16,-0.29046224830754497,1.7445724750357985],[-0.022117958445281864,-0.1024236857380489,-0.05632405062200227,-0.5009624312106462,6.01476684177324e-17,-0.4101084578128441,-0.29647623977745163],[3.7899195794648994e-17,4.646817521502098e-18,1.2607044148542628e-16,6.014766841773239e-17,-0.5965522482963932,-1.1763621433515085e-16,1.1791836358756533e-15],[-0.859029373100131,-0.8635115349715128,-0.2904622483075452,-0.4101084578128442,-1.176362143351508e-16,-0.517629110844914,-0.3120890144736832],[-0.8582886975928187,-0.8370950777648689,1.7445724750357985,-0.29647623977745097,1.1791836358756533e-15,-0.312089014473683,-0.5178260779047736]],"Density Matrix":[[1.0585911369507908,-0.25314710081991154,-0.026148942734200077,0.03375915194446273,-3.6598084963799807e-17,-0.0030506288463275355,0.02182864863006189],[-0.25314710081991154,1.1248925766220326,0.17331095415603787,-0.18169423061824636,1.5630599801053332e-18,-0.05366830445196677,-0.18933669597001024],[-0.026148942734200077,0.17331095415603787,0.41311260415844175,0.08026724559567033,-3.035071768925004e-16,-0.006657783553125988,-0.4298073861341803],[0.03375915194446273,-0.18169423061824636,0.08026724559567033,0.6324947252499602,-9.377430515358368e-17,0.366652065053186,-0.010910001930525097],[-3.6598084963799807e-17,1.5630599801053332e-18,-3.035071768925004e-16,-9.377430515358368e-17,1.0,5.084400964124156e-16,-5.070899419982946e-16],[-0.0030506288463275355,-0.05366830445196677,-0.006657783553125988,0.366652065053186,5.084400964124156e-16,0.22579855948235517,0.051577471654815917],[0.02182864863006189,-0.18933669597001024,-0.4298073861341803,-0.010910001930525097,-5.070899419982946e-16,0.051577471654815917,0.4560313113327652]],"SCF Iteration":13}{"Fock Matrix":[[-20.438505705217786,-5.208257694425335,0.013525562275752868,-0.02211798667935671,-3.1606876410212685e-16,-0.8590293640481153,-0.8582886933201264],[-5.208257694425335,-2.6195117872256075,0.02501855802870903,-0.10242367077048298,-7.562219190559913e-17,-0.8635116489541397,-0.8370950429747768],[0.013525562275752866,0.02501855802870903,-0.31960915385947963,-0.05632400501583651,5.145520006431216e-17,-0.2904622889080106,1.7445724680777597],[-0.022117986679356695,-0.10242367077048298,-0.05632400501583652,-0.5009625808518443,2.252618084580815e-16,-0.4101083913793643,-0.29647624610602086],[-3.1606876410212685e-16,-7.56221919055992e-17,5.1455200064312135e-17,2.2526180845808144e-16,-0.596552088075212,-2.475802494771377e-16,1.165610139193932e-15],[-0.8590293640481153,-0.8635116489541392,-0.2904622889080104,-0.4101083913793644,-2.4758024947713764e-16,-0.517629222380962,-0.31208901626103003],[-0.8582886933201264,-0.8370950429747768,1.7445724680777597,-0.2964762461060204,1.165610139193932e-15,-0.3120890162610299,-0.5178260649958082]],"Density Matrix":[[1.0585911096326484,-0.2531469598791398,-0.02614893269588834,0.033759220730325445,3.0872172038461633e-16,-0.0030508042474036157,0.0218286082560017],[-0.2531469598791398,1.1248918776441243,0.17331089561846133,-0.18169444117585762,-1.0685564520179656e-16,-0.053667528582246965,-0.189336522735583],[-0.02614893269588834,0.17331089561846133,0.4131125092600057,0.08026721009190974,-2.7542762837125334e-16,-0.0066576953859562304,-0.4298073697377254],[0.033759220730325445,-0.18169444117585762,0.08026721009190974,0.6324953074843715,-4.3223809574807014e-16,0.36665180186813556,-0.010910039237267972],[3.0872172038461633e-16,-1.0685564520179656e-16,-2.7542762837125334e-16,-4.3223809574807014e-16,0.9999999999999996,9.248319960214221e-16,-4.288286650568523e-16],[-0.0030508042474036157,-0.053667528582246965,-0.0066576953859562304,0.36665180186813556,9.248319960214221e-16,0.22579811646387096,0.05157729350421305],[0.0218286082560017,-0.189336522735583,-0.4298073697377254,-0.010910039237267972,-4.288286650568523e-16,0.05157729350421305,0.456031362462558]],"SCF Iteration":14}{"Fock Matrix":[[-20.438505626595028,-5.208257683205975,0.013525563304749563,-0.022117996304562845,-3.0008669267255545e-16,-0.8590293609660962,-0.8582886918669104],[-5.208257683205975,-2.6195117197385533,0.025018530729208815,-0.1024236656610671,-6.063400826678571e-17,-0.8635116878103397,-0.8370950311281966],[0.013525563304749556,0.025018530729208815,-0.3196090916913139,-0.05632398946994728,7.558718457119336e-17,-0.29046230277413065,1.7445724657011652],[-0.022117996304562848,-0.1024236656610671,-0.05632398946994725,-0.5009626318439162,8.307923803864156e-17,-0.410108368740009,-0.29647624828123154],[-3.0008669267255545e-16,-6.063400826678568e-17,7.558718457119336e-17,8.307923803864157e-17,-0.5965520335016805,-1.2360557500908956e-16,1.1527416983612862e-15],[-0.859029360966096,-0.8635116878103393,-0.29046230277413176,-0.4101083687400092,-1.2360557500908956e-16,-0.5176292604075385,-0.31208901686899626],[-0.8582886918669105,-0.8370950311281948,1.7445724657011652,-0.2964762482812313,1.1527416983612862e-15,-0.31208901686899604,-0.5178260606229168]],"Density Matrix":[[1.0585911003217618,-0.2531469118417854,-0.02614892926430631,0.03375924418253373,2.7717020459750225e-16,-0.0030508640299654333,0.021828594494575724],[-0.2531469118417854,1.1248916394065167,0.17331087561453604,-0.18169451299041567,7.883516284133676e-17,-0.053667264144387494,-0.18933646367666276],[-0.02614892926430631,0.17331087561453604,0.41311247691961367,0.08026719796933025,-2.1380076940092168e-16,-0.006657665265095649,-0.4298073641316391],[0.03375924418253373,-0.18169451299041567,0.08026719796933025,0.6324955058236544,-1.2815585164194382e-16,0.3666517122017849,-0.01091005187370473],[2.7717020459750225e-16,7.883516284133676e-17,-2.1380076940092168e-16,-1.2815585164194382e-16,0.9999999999999998,4.5549248975216e-16,-4.619291902707834e-16],[-0.0030508640299654333,-0.053667264144387494,-0.006657665265095649,0.3666517122017849,4.5549248975216e-16,0.22579796552885792,0.05157723274965345],[0.021828594494575724,-0.18933646367666276,-0.4298073641316391,-0.01091005187370473,-4.619291902707834e-16,0.05157723274965345,0.4560313798609513]],"SCF Iteration":15}{"Fock Matrix":[[-20.43850559981683,-5.208257679385662,0.013525563654775039,-0.02211799958551625,-3.672971039483638e-17,-0.8590293599163702,-0.8582886913722896],[-5.208257679385662,-2.6195116967443832,0.02501852142832077,-0.10242366391791656,-1.942012110314956e-17,-0.8635117010549913,-0.8370950270929773],[0.013525563654775039,0.02501852142832077,-0.31960907051529297,-0.0563239841716013,8.356181087727231e-17,-0.2904623075060633,1.7445724648900014],[-0.022117999585516246,-0.10242366391791653,-0.05632398417160132,-0.5009626492208668,4.0464334206914626e-17,-0.4101083610248014,-0.29647624902655534],[-3.6729710394836375e-17,-1.9420121103149542e-17,8.356181087727231e-17,4.046433420691464e-17,-0.5965520149095145,-7.92784125077762e-17,1.1491553975872395e-15],[-0.8590293599163703,-0.8635117010549909,-0.29046230750606283,-0.41010836102480186,-7.927841250777621e-17,-0.5176292733703551,-0.31208901707612724],[-0.8582886913722895,-0.8370950270929773,1.7445724648900014,-0.2964762490265558,1.1491553975872395e-15,-0.31208901707612724,-0.5178260591383532]],"Density Matrix":[[1.058591097148415,-0.2531468954695915,-0.026148928092573267,0.033759252177253576,2.078595384809355e-17,-0.003050884405203916,0.02182858980431723],[-0.2531468954695915,1.1248915582094376,0.173310868785628,-0.18169453747714204,1.2486187602056974e-16,-0.053667174019171704,-0.18933644354532203],[-0.026148928092573267,0.173310868785628,0.4131124658983806,0.08026719383374713,-1.9542254170828565e-16,-0.0066576549843983205,-0.42980736221725596],[0.033759252177253576,-0.18169453747714204,0.08026719383374713,0.6324955733991777,-3.877302030892807e-17,0.3666516816490185,-0.010910056163453231],[2.078595384809355e-17,1.2486187602056974e-16,-1.9542254170828565e-16,-3.877302030892807e-17,0.9999999999999998,3.097993928203869e-16,-4.561856764259133e-16],[-0.003050884405203916,-0.053667174019171704,-0.0066576549843983205,0.3666516816490185,3.097993928203869e-16,0.22579791409988206,0.051577212036475306],[0.02182858980431723,-0.18933644354532203,-0.42980736221725596,-0.010910056163453231,-4.561856764259133e-16,0.051577212036475306,0.45603138578477126]],"SCF Iteration":16}{"Fock Matrix":[[-20.438505590694362,-5.2082576780844,0.013525563773923034,-0.022118000703817656,-2.3667157271188486e-16,-0.8590293595587579,-0.8582886912038603],[-5.208257678084401,-2.6195116889091317,0.02501851825916092,-0.10242366332344505,-4.785000291413504e-17,-0.8635117055693167,-0.8370950257182175],[0.013525563773923041,0.025018518259160932,-0.3196090633008559,-0.05632398236593954,1.3260879339251574e-16,-0.29046230912007687,1.7445724646132774],[-0.022118000703817656,-0.10242366332344503,-0.05632398236593955,-0.5009626551426987,-3.567660601408217e-16,-0.4101083583955243,-0.29647624928143745],[-2.3667157271188486e-16,-4.7850002914135055e-17,1.3260879339251574e-16,-3.5676606014082163e-16,-0.5965520085747036,2.646448776660179e-16,1.1023903099124584e-15],[-0.859029359558758,-0.8635117055693162,-0.2904623091200771,-0.4101083583955243,2.6464487766601776e-16,-0.5176292777888261,-0.31208901714673853],[-0.8582886912038601,-0.8370950257182188,1.7445724646132774,-0.2964762492814377,1.1023903099124584e-15,-0.31208901714673865,-0.5178260586336458]],"Density Matrix":[[1.0585910960668934,-0.25314688988971057,-0.02614892769276503,0.033759254902339275,1.4210033875315487e-16,-0.0030508913493889275,0.021828588205808713],[-0.25314688988971057,1.1248915305362208,0.1733108664558664,-0.1816945458248976,8.429308054750082e-16,-0.053667143303428755,-0.1893364366837574],[-0.02614892769276503,0.1733108664558664,0.4131124621424595,0.08026719242357833,2.253509085481546e-17,-0.006657651477452857,-0.4298073615640243],[0.033759254902339275,-0.1816945458248976,0.08026719242357833,0.6324955964249528,8.304240966652489e-16,0.366651671237755,-0.010910057621781662],[1.4210033875315487e-16,8.429308054750082e-16,2.253509085481546e-17,8.304240966652489e-16,0.9999999999999998,-1.0828882785503818e-15,-5.862629129295405e-16],[-0.0030508913493889275,-0.053667143303428755,-0.006657651477452857,0.366651671237755,-1.0828882785503818e-15,0.22579789657492594,0.051577204975844365],[