{"Calculation":"sto3g-water"}{"Structure":"Fock","Data":[[-26.3877697254198,-1.1911404987623004,0.026762261060937084,0.06608983109344649,-0.01193470600676112,-0.3610262421263602,-0.2352819936079657],[-1.1911404987623002,-6.152250355609079,-0.039272861510188495,-0.6611766904727371,-0.0262373010966676,0.7569694989974204,1.193801454877509],[0.026762261060937112,-0.039272861510188516,-4.9548039574216105,-0.27533818875532506,1.12795495057381,0.807655792168484,0.3887143285881155],[0.0660898310934465,-0.6611766904727372,-0.27533818875532506,-5.718370411280589,-0.3377411524548358,0.5317369266753604,1.0849521615121525],[-0.01193470600676112,-0.026237301096667595,1.1279549505738098,-0.3377411524548358,-0.11017898654095862,-0.15760635181483618,0.24053732938096722],[-0.36102624212636025,0.7569694989974204,0.8076557921684838,0.5317369266753604,-0.15760635181483615,-2.5697322382067416,0.08320892760989074],[-0.23528199360796576,1.1938014548775093,0.38871432858811494,1.0849521615121525,0.2405373293809672,0.0832089276098908,-2.6704872003056748]]}{"Structure":"Density","Data":[[1.0656842135078233,-0.3062148845431023,0.008625113042947094,-0.026237353543536273,-0.0019954829107689752,0.09321937144080934,0.09854546444846404],[-0.3062148845431023,1.4623267177303652,-0.005375726373675487,0.20883843955266543,0.00796720549880279,-0.524153708216443,-0.5272729504214081],[0.008625113042947094,-0.005375726373675487,1.109647088548255,-0.0021838574656355275,-0.22620226589365472,-0.49682905019507667,0.2278149878180308],[-0.026237353543536273,0.20883843955266543,-0.0021838574656355275,1.0990181811755653,0.07043361477704489,-0.31827272923123395,-0.31753781096224093],[-0.0019954829107689752,0.00796720549880279,-0.22620226589365472,0.07043361477704489,0.05079458450068242,0.09398025350208841,-0.0755421217946306],[0.09321937144080934,-0.524153708216443,-0.49682905019507667,-0.31827272923123395,0.09398025350208841,1.074049125076268,-0.4681435613834594],[0.09854546444846404,-0.5272729504214081,0.2278149878180308,-0.31753781096224093,-0.0755421217946306,-0.4681435613834594,0.906625267767931]]}{"Structure":"Coeff","Data":[[-1.0143430764695986,0.07465158730631788,0.003061758949207993,0.00788821751560565,-0.0005762581173389998,-0.02139871723878732,-0.013256696813947144],[0.14458844045658076,-0.9719811369089224,-0.18254795249849926,-0.7090670802799184,-0.005957616366515837,0.4642693918699623,0.5413492526099558],[0.09593022988833577,-0.5223922594816801,0.8736973337929477,0.2876189254947507,-0.15616293646205576,-0.23586623119846797,0.2319987161962647],[0.08152070818772175,-0.4828924233229668,-0.555311941833311,0.7051432716914966,0.16117961507798903,0.26644436613787614,-0.13340936717322188],[-0.006187466564775101,0.07699196365302419,0.06779067339545936,0.1273897678338442,-0.019824938672118805,-0.8552307714781514,0.7360496252902258],[-0.040569074194630766,0.03318385081280548,0.19578907159735068,0.09242206957194082,-0.11261795852600967,0.5474914883026909,0.6663874064360751],[0.0026591034672606446,0.004371115863513821,-0.2565269382010985,0.06202613200212363,-0.9677409833817886,0.033400341965594466,-0.15560910789234736]]}